num_prefill_tokens,num_decode_tokens,agent,dep,tokens
1351,184,0,[],"[200006, 77944, 200008, 2, 68406, 279, 3575, 553, 2966, 316, 43360, 326, 334, 65322, 13638, 364, 200007, 200006, 1428, 200008, 3575, 1309, 316, 12648, 290, 4335, 5296, 1511, 793, 3834, 53299, 7065, 316, 290, 13816, 2839, 306, 290, 3566, 558, 976, 3100, 328, 290, 5296, 382, 1402, 2900, 177016, 40, 4572, 9791, 1078, 14279, 922, 2237, 11, 813, 357, 1682, 316, 4484, 945, 1078, 1495, 12668, 306, 922, 3624, 8754, 8422, 13, 357, 4561, 306, 57606, 5686, 11, 40747, 11, 1118, 382, 402, 290, 18149, 328, 532, 30761, 13, 357, 1761, 1920, 12668, 5862, 668, 484, 8754, 306, 220, 1323, 17, 1504, 220, 21283, 17, 197588, 62540, 40095, 11, 326, 220, 667, 22, 11036, 78, 27522, 20944, 13, 9764, 1118, 328, 2617, 12668, 8754, 395, 945, 306, 220, 1323, 17, 11, 326, 5485, 668, 1495, 2009, 480, 8754, 395, 13, 6070, 1573, 3006, 179663, 503, 26964, 9610, 306, 290, 6052, 558, 2900, 105090, 279, 5632, 553, 1236, 6623, 2164, 1078, 290, 5296, 1402, 27022, 104259, 2694, 99822, 169349, 94270, 14572, 5135, 457, 30637, 52050, 5121, 5436, 7116, 3203, 174789, 11, 21371, 182884, 67758, 13, 19461, 112742, 353, 47176, 8734, 8033, 182884, 30962, 6178, 112742, 7116, 104259, 8734, 8033, 3203, 174789, 558, 2900, 177016, 8505, 198, 2900, 105090, 279, 41463, 553, 290, 2839, 13816, 11, 4335, 306, 290, 6011, 464, 1240, 62606, 464, 9186, 29, 364, 2900, 177016, 27, 39398, 31088, 21, 62606, 27, 32, 10297, 29186, 484, 665, 3684, 290, 1880, 11, 13424, 53556, 3100, 11, 66687, 10327, 10370, 11, 326, 31053, 12331, 2164, 13, 62606, 27, 30616, 25, 3684, 95334, 11, 3684, 3567, 5368, 11, 3684, 3567, 5368, 3067, 26422, 11, 3684, 81741, 3276, 54968, 5342, 11, 13424, 61043, 16500, 11, 28248, 6236, 11, 3810, 67587, 138995, 44960, 523, 27, 26568, 34216, 18, 62606, 27, 32, 10297, 29186, 484, 665, 2273, 261, 7968, 328, 2698, 326, 13571, 13427, 11, 3463, 17625, 11, 6806, 87, 11, 7493, 11, 11065, 11, 326, 3823, 11, 5178, 13, 62606, 27, 30616, 25, 13424, 61043, 16500, 11, 3810, 67587, 138995, 10607, 11, 3810, 67587, 138995, 67826, 11, 3810, 67587, 138995, 44960, 11, 15792, 8330, 523, 27, 39739, 35205, 19, 62606, 27, 32, 10297, 29186, 484, 50847, 306, 57927, 11, 22458, 11, 326, 12323, 19383, 6291, 13, 5551, 11, 480, 6284, 3158, 290, 6179, 316, 3684, 395, 2164, 13, 1843, 290, 5296, 10860, 22752, 20860, 11, 480, 1757, 413, 21254, 316, 15792, 290, 3490, 1934, 5281, 480, 13, 62606, 27, 30616, 25, 15792, 8330, 11, 13424, 123860, 16500, 11, 13424, 61043, 16500, 3037, 2900, 105090, 279, 3575, 2804, 622, 290, 25091, 9523, 306, 290, 6011, 328, 261, 93194, 1562, 3518, 464, 53299, 29, 16613, 11, 472, 10147, 4895, 1402, 27, 53299, 523, 27, 15921, 29, 3638, 15921, 220, 16, 808, 15921, 523, 27, 15921, 29, 3638, 15921, 220, 17, 808, 15921, 523, 808, 53299, 3037, 637, 290, 1721, 1543, 15921, 11, 481, 1757, 45615, 7118, 290, 4756, 4792, 1511, 261, 3582, 6011, 316, 1632, 290, 11793, 316, 1520, 290, 1721, 6052, 1078, 290, 4756, 4792, 558, 18683, 11, 538, 261, 5296, 10860, 57927, 503, 3490, 13986, 326, 2226, 625, 25222, 402, 12229, 7124, 350, 68, 1940, 4213, 1880, 3684, 936, 13460, 7116, 334, 65322, 290, 57927, 503, 3490, 13986, 997, 13, 21050, 11, 2867, 379, 326, 28801, 290, 6508, 57927, 503, 3490, 13986, 997, 558, 5958, 261, 5296, 23856, 7124, 8235, 3100, 350, 35662, 472, 80232, 11, 38252, 11, 503, 106694, 2164, 936, 19297, 2804, 1199, 290, 3684, 4584, 316, 31053, 869, 6487, 26089, 326, 107087, 11525, 395, 34496, 13, 2439, 14281, 484, 290, 2359, 802, 6217, 7124, 1340, 413, 59391, 503, 94365, 11, 813, 480, 1757, 625, 413, 29810, 70206, 7557, 13, 4886, 124780, 328, 25091, 9523, 2804, 45615, 12140, 495, 11, 575, 2560, 13, 481, 1757, 1147, 25091, 9523, 316, 45615, 25145, 290, 12331, 2164, 591, 1880, 3684, 827, 31053, 290, 2164, 2360, 3684, 4584, 11, 5178, 364, 5958, 22415, 261, 5296, 11, 481, 1309, 316, 11433, 5588, 480, 1757, 413, 11121, 2360, 3490, 20860, 7665, 328, 5983, 23541, 41570, 4584, 30722, 13, 58435, 11, 1261, 261, 5296, 23856, 50414, 261, 4410, 2086, 328, 146872, 503, 8012, 1238, 12323, 11, 2360, 7024, 8437, 3572, 413, 130986, 503, 1952, 87318, 195692, 13, 730, 2238, 7911, 11, 19297, 1757, 5067, 26534, 3490, 350, 2056, 6396, 34098, 1299, 13782, 11, 29365, 73795, 11, 41942, 11, 5178, 8476, 316, 90080, 290, 2273, 13, 7306, 553, 1236, 42318, 1919, 2360, 3490, 382, 290, 20146, 7139, 734, 16, 13, 86043, 39241, 3158, 316, 261, 4410, 2086, 328, 146872, 13, 24855, 25, 392, 5299, 1991, 4238, 673, 261, 10462, 67857, 1926, 48618, 472, 261, 9682, 402, 7725, 26487, 8537, 395, 2454, 2163, 328, 7940, 306, 290, 2174, 7843, 220, 1323, 18, 17980, 328, 290, 8537, 16842, 57369, 25, 3265, 2346, 19141, 2454, 26487, 3011, 1481, 413, 8916, 130986, 11, 2049, 26534, 3490, 665, 119647, 12011, 326, 2273, 290, 3759, 1238, 558, 17, 13, 4833, 12323, 26065, 8012, 54280, 503, 48742, 13, 24855, 25, 392, 107202, 722, 5787, 22517, 402, 143881, 5984, 306, 7561, 220, 1323, 19, 326, 1646, 290, 2344, 220, 702, 1645, 18728, 51667, 29778, 3692, 57369, 25, 1328, 5296, 10860, 12323, 261, 4410, 4527, 328, 2201, 1238, 11, 1118, 382, 1636, 29594, 2193, 184532, 558, 18, 13, 17070, 8618, 195694, 2164, 591, 7598, 1238, 11525, 13, 24855, 25, 392, 102185, 722, 2344, 10043, 591, 67662, 306, 290, 4241, 1284, 326, 12221, 1373, 483, 143881, 5984, 2344, 10604, 316, 1646, 290, 22378, 13883, 8104, 3692, 57369, 25, 623, 5296, 23856, 92377, 326, 42171, 1238, 591, 2647, 18921, 11, 4137, 15203, 96113, 30234, 66976, 558, 19, 13, 907, 9456, 4171, 5703, 13638, 13, 24855, 25, 392, 4383, 722, 6086, 306, 261, 36911, 27052, 23229, 326, 3605, 1495, 1991, 10232, 290, 26463, 461, 7506, 6, 3692, 57369, 25, 24464, 1365, 1819, 261, 4410, 2086, 328, 6086, 382, 1636, 29594, 483, 261, 11713, 558, 3335, 290, 5296, 4414, 5281, 3490, 11, 621, 625, 13814, 316, 22944, 290, 11793, 316, 15792, 290, 7582, 3490, 11, 326, 3019, 290, 1534, 1934, 58913, 290, 3490, 364, 12253, 553, 1236, 6623, 9858, 395, 481, 734, 12, 28667, 4275, 625, 261, 2804, 11, 481, 1757, 2075, 634, 1636, 6942, 316, 1520, 2454, 1543, 15921, 118877, 395, 261, 22682, 558, 12, 1608, 4128, 1309, 316, 45615, 8633, 1412, 8437, 316, 1199, 326, 1412, 13816, 316, 1199, 306, 290, 25091, 9523, 11, 1327, 1632, 290, 11793, 13001, 1412, 316, 621, 558, 12, 4886, 57661, 25082, 25091, 9523, 1757, 413, 5364, 326, 19230, 11, 2935, 1062, 154576, 13, 623, 25091, 9523, 1757, 3324, 413, 20434, 483, 290, 10705, 5296, 558, 12, 1608, 1309, 316, 6852, 8800, 10266, 290, 2086, 328, 25091, 9523, 7065, 316, 290, 10331, 328, 290, 10705, 5296, 13, 1843, 290, 10705, 5296, 382, 8012, 11, 481, 1757, 334, 65322, 480, 1511, 945, 25091, 9523, 13, 33987, 11, 481, 1757, 334, 65322, 480, 1511, 3760, 25091, 9523, 350, 68, 1940, 13, 220, 17, 12, 18, 25091, 9523, 6294, 12, 3274, 553, 1236, 47388, 10331, 484, 6284, 413, 28446, 306, 1001, 5983, 13, 2214, 4994, 11, 472, 395, 290, 4928, 392, 4827, 382, 290, 10562, 5517, 306, 29514, 328, 3004, 13, 24, 306, 290, 1577, 6743, 98967, 4022, 402, 1608, 13151, 484, 673, 4862, 9917, 7065, 316, 290, 139188, 12352, 115479, 3438, 30, 6214, 3644, 290, 2086, 21161, 1225, 382, 19786, 316, 8516, 1646, 392, 3160, 13, 24, 306, 290, 1577, 6743, 98967, 4022, 402, 1608, 13151, 1, 591, 29810, 1880, 3684, 13, 623, 11081, 2006, 382, 316, 1577, 1646, 290, 6743, 98967, 39217, 9334, 11, 326, 1815, 1646, 290, 1577, 6743, 98967, 4022, 350, 17615, 8, 402, 1608, 13151, 11, 326, 1815, 5621, 290, 3823, 316, 1646, 290, 10006, 166779, 11, 1815, 810, 316, 139188, 12352, 115479, 3438, 316, 6544, 31053, 290, 2164, 558, 12, 1843, 290, 5296, 66396, 1236, 11525, 350, 68, 1940, 13, 38037, 11, 11444, 1218, 3490, 11, 7867, 11, 5178, 36196, 2164, 5801, 1757, 413, 20344, 402, 290, 21824, 3438, 558, 12, 1608, 1757, 1147, 261, 1543, 15921, 316, 14866, 290, 23448, 6052, 13, 623, 19297, 1757, 2075, 1273, 6984, 316, 14866, 290, 6052, 11, 319, 1940, 13, 2360, 2647, 8437, 558, 200007, 200006, 173781, 200005, 17196, 200008, 27, 53299, 523, 27, 15921, 29, 5975, 395, 7178, 2237, 7155, 1238, 306, 57606, 5686, 11, 40747, 11, 16515, 395, 290, 20866, 220, 21283, 17, 197588, 62540, 40095, 326, 220, 667, 22, 11036, 78, 27522, 20944, 11, 316, 1646, 842, 1118, 2237, 8754, 395, 945, 306, 220, 1323, 17, 8582, 15921, 523, 27, 15921, 29, 33282, 290, 7357, 8451, 395, 2973, 220, 21283, 17, 197588, 62540, 40095, 326, 220, 667, 22, 11036, 78, 27522, 20944, 591, 290, 3684, 4376, 11, 26386, 290, 8451, 553, 13392, 2935, 179663, 503, 26964, 9610, 8582, 15921, 523, 27, 15921, 29, 24973, 290, 7357, 8451, 328, 290, 1920, 12668, 316, 11433, 1118, 1001, 8754, 395, 945, 306, 220, 1323, 17, 8582, 15921, 523, 27, 15921, 29, 37762, 290, 7357, 8451, 326, 19211, 1534, 2360, 448, 13319, 4256, 503, 2595, 316, 6757, 18580, 8582, 15921, 523, 27, 15921, 29, 94272, 290, 1721, 6052, 306, 290, 6011, 25, 392, 976, 2237, 540, 723, 6104, 60, 8754, 395, 945, 306, 220, 1323, 17, 11, 483, 261, 7357, 3911, 328, 723, 10703, 1651, 55059, 15921, 523, 808, 53299, 29, 200002]"
599,98,1,[0],"[200006, 17360, 200008, 3575, 553, 17554, 162016, 11, 261, 4410, 6439, 2359, 22203, 656, 7788, 17527, 558, 87447, 100594, 25, 220, 1323, 19, 12, 3218, 198, 6576, 3521, 25, 220, 1323, 21, 12, 3000, 12, 3000, 279, 30377, 289, 25, 14093, 279, 2, 13888, 18403, 25, 8450, 11, 49159, 11, 1721, 13, 21030, 2804, 413, 7360, 395, 1753, 3176, 558, 63446, 316, 1879, 8437, 2804, 810, 316, 290, 49159, 9334, 25, 461, 44580, 6120, 200007, 200006, 77944, 200008, 2, 20574, 279, 877, 9964, 279, 4797, 9964, 95359, 6318, 3322, 483, 261, 10185, 5701, 6011, 558, 2493, 622, 20405, 21978, 314, 11350, 25, 10168, 623, 4170, 328, 290, 41844, 484, 382, 21482, 316, 290, 5296, 16547, 456, 78225, 1537, 25, 1621, 412, 9263, 871, 1062, 502, 92, 602, 9819, 9964, 200007, 200006, 17360, 200008, 3575, 553, 93594, 261, 3566, 328, 13816, 13, 355, 22682, 665, 413, 261, 3566, 328, 19297, 503, 261, 4590, 11793, 13, 11555, 22682, 382, 5371, 316, 17722, 261, 4857, 3675, 328, 5296, 13, 4886, 3349, 6664, 123177, 13638, 316, 261, 9595, 22682, 11, 9278, 261, 620, 22682, 395, 261, 5296, 11, 5178, 13, 200007, 200006, 1428, 200008, 3575, 1309, 316, 14975, 290, 5296, 316, 261, 22682, 4596, 558, 976, 3100, 328, 290, 5296, 382, 1402, 2900, 177016, 5975, 395, 7178, 2237, 7155, 1238, 306, 57606, 5686, 11, 40747, 11, 16515, 395, 290, 20866, 220, 21283, 17, 197588, 62540, 40095, 326, 220, 667, 22, 11036, 78, 27522, 20944, 11, 316, 1646, 842, 1118, 2237, 8754, 395, 945, 306, 220, 1323, 17, 558, 2900, 105090, 279, 12253, 553, 1236, 6623, 2164, 1078, 290, 5296, 1402, 27022, 104259, 2694, 99822, 169349, 94270, 14572, 5135, 457, 30637, 52050, 5121, 5436, 7116, 3203, 174789, 11, 21371, 182884, 67758, 13, 19461, 112742, 353, 47176, 8734, 8033, 182884, 30962, 6178, 112742, 7116, 104259, 8734, 8033, 3203, 174789, 558, 2900, 177016, 8505, 198, 2900, 105090, 279, 41463, 382, 290, 2164, 328, 290, 9595, 22682, 15749, 13, 623, 6011, 382, 464, 1240, 62606, 27, 9186, 62606, 27, 69631, 6744, 29, 364, 2900, 177016, 27, 39398, 31088, 21, 62606, 27, 32, 10297, 29186, 484, 665, 3684, 290, 1880, 11, 13424, 53556, 3100, 11, 66687, 10327, 10370, 11, 326, 31053, 12331, 2164, 13, 62606, 27, 30616, 25, 3684, 95334, 11, 3684, 3567, 5368, 11, 3684, 3567, 5368, 3067, 26422, 11, 3684, 81741, 3276, 54968, 5342, 11, 13424, 61043, 16500, 11, 28248, 6236, 11, 3810, 67587, 138995, 44960, 523, 27, 26568, 34216, 18, 62606, 27, 32, 10297, 29186, 484, 665, 2273, 261, 7968, 328, 2698, 326, 13571, 13427, 11, 3463, 17625, 11, 6806, 87, 11, 7493, 11, 11065, 11, 326, 3823, 11, 5178, 13, 62606, 27, 30616, 25, 13424, 61043, 16500, 11, 3810, 67587, 138995, 10607, 11, 3810, 67587, 138995, 67826, 11, 3810, 67587, 138995, 44960, 11, 15792, 8330, 523, 27, 39739, 35205, 19, 62606, 27, 32, 10297, 29186, 484, 50847, 306, 57927, 11, 22458, 11, 326, 12323, 19383, 6291, 13, 5551, 11, 480, 6284, 3158, 290, 6179, 316, 3684, 395, 2164, 13, 1843, 290, 5296, 10860, 22752, 20860, 11, 480, 1757, 413, 21254, 316, 15792, 290, 3490, 1934, 5281, 480, 13, 62606, 27, 30616, 25, 15792, 8330, 11, 13424, 123860, 16500, 11, 13424, 61043, 16500, 3037, 2900, 105090, 279, 3575, 2804, 622, 290, 4170, 328, 290, 22682, 4596, 484, 481, 2411, 382, 1645, 18777, 328, 5306, 290, 5296, 558, 3335, 2208, 1543, 15921, 4414, 57927, 503, 22458, 11, 326, 290, 1543, 15921, 382, 625, 7168, 316, 50414, 12229, 7124, 350, 68, 1940, 13, 17437, 290, 6179, 936, 481, 1757, 1632, 290, 22682, 4596, 483, 5532, 57927, 503, 22458, 31631, 316, 621, 480, 13, 793, 200007, 200006, 173781, 200005, 35644, 200008, 976, 1825, 10648, 316, 14975, 261, 5296, 25, 3684, 395, 7178, 2237, 7155, 1238, 395, 1920, 20866, 306, 57606, 5686, 11, 40747, 11, 316, 1646, 1118, 8754, 395, 945, 306, 220, 1323, 17, 13, 1328, 10860, 1880, 3684, 13, 623, 22682, 483, 1880, 3684, 23736, 382, 4170, 220, 39398, 31088, 21, 13, 2632, 581, 1757, 622, 484, 4170, 2360, 290, 1114, 622, 20405, 21978, 13, 200007, 200006, 173781, 200005, 12606, 815, 316, 28, 44580, 32620, 20405, 21978, 220, 200003, 4108, 200008, 745, 220, 392, 456, 78225, 1537, 1243, 392, 39398, 31088, 21, 1092, 92, 200012]"
1512,81,2,[1],"[200006, 77944, 200008, 2, 68406, 2499, 3575, 553, 261, 10297, 29186, 484, 665, 3684, 290, 1880, 11, 13424, 53556, 3100, 11, 66687, 10327, 10370, 11, 326, 3587, 12331, 2164, 316, 17722, 290, 4335, 5296, 558, 25627, 306, 4246, 484, 734, 12, 3756, 625, 413, 65677, 21716, 306, 634, 2316, 7124, 13, 124801, 665, 3587, 261, 50568, 18418, 326, 1652, 14986, 9595, 7124, 13, 4066, 12, 1843, 1001, 2006, 28336, 316, 3587, 448, 6052, 11, 2075, 1273, 6984, 503, 7933, 13, 623, 6052, 2226, 13031, 558, 12, 1843, 290, 3684, 88814, 382, 537, 11283, 1500, 889, 290, 9206, 5124, 591, 448, 107087, 4256, 11, 2075, 4030, 290, 3438, 395, 945, 4878, 13, 4066, 12, 4296, 3778, 395, 4857, 57979, 4824, 350, 68, 1940, 4213, 22678, 22586, 936, 90916, 15048, 11525, 326, 8397, 64139, 1606, 402, 3684, 130631, 13, 4066, 12, 4296, 37367, 13638, 484, 1841, 1880, 43167, 11, 2371, 26487, 1577, 2254, 29457, 1273, 12162, 13, 4066, 12, 1608, 665, 1217, 66687, 10327, 10370, 316, 717, 945, 2164, 503, 14866, 290, 2164, 481, 679, 2491, 558, 12, 28835, 30937, 382, 1217, 10297, 395, 12129, 3783, 67852, 13, 28835, 30937, 12084, 621, 625, 23517, 1309, 316, 1646, 4857, 14716, 11, 889, 665, 1217, 1652, 1646, 1880, 3011, 67852, 484, 10232, 14716, 350, 77091, 6541, 316, 1646, 1819, 4705, 1880, 43167, 741, 1608, 665, 1646, 290, 6052, 316, 290, 4928, 656, 22415, 29068, 12084, 402, 290, 9206, 11, 2238, 472, 117088, 290, 3100, 328, 290, 53556, 558, 12, 3756, 625, 29810, 25222, 402, 3213, 8437, 503, 10327, 30937, 316, 1646, 290, 6052, 11, 481, 1757, 21700, 3213, 8437, 326, 10327, 30937, 316, 13576, 130352, 2273, 1880, 3011, 2164, 13, 6083, 3100, 1340, 1309, 316, 621, 10327, 30937, 316, 717, 11, 503, 1236, 3100, 382, 44923, 656, 79013, 558, 12, 730, 634, 3322, 11, 481, 1757, 8633, 290, 63647, 481, 679, 18416, 326, 23478, 364, 12253, 553, 1236, 9858, 484, 1652, 481, 3347, 1880, 3684, 734, 12, 28741, 1147, 3101, 1991, 29778, 306, 634, 3684, 5703, 0, 6083, 14633, 4376, 1309, 316, 3347, 10327, 22391, 316, 717, 11, 625, 2360, 3684, 116928, 558, 12, 1843, 290, 4928, 382, 8012, 11, 3684, 4376, 13729, 621, 625, 3587, 31687, 14716, 13, 1225, 382, 625, 6960, 316, 1646, 290, 6052, 8516, 2360, 3684, 116928, 1606, 11, 290, 3684, 5703, 1757, 413, 82463, 326, 26671, 402, 12129, 7313, 11525, 7542, 1572, 2823, 14716, 558, 220, 2214, 4994, 11, 472, 395, 290, 4928, 392, 4827, 382, 290, 10562, 5517, 306, 29514, 328, 1069, 24, 306, 290, 1577, 6743, 98967, 4022, 402, 1608, 13151, 484, 673, 4862, 9917, 7065, 316, 290, 139188, 12352, 115479, 3438, 58900, 634, 1577, 3684, 2914, 2804, 413, 81371, 18511, 3883, 1299, 392, 40005, 98967, 1608, 13151, 1, 316, 1646, 290, 38037, 3438, 1577, 11, 326, 1815, 2075, 1273, 8975, 18511, 3883, 3684, 5941, 5983, 23541, 41570, 316, 1646, 945, 63647, 558, 12, 623, 4376, 481, 622, 621, 625, 679, 316, 8516, 6052, 290, 4756, 4928, 11, 481, 1606, 1309, 316, 7916, 12331, 2164, 8525, 2, 20574, 279, 877, 9964, 279, 4797, 9964, 95359, 7649, 5800, 3684, 6018, 316, 3684, 2164, 395, 290, 4335, 5703, 558, 2493, 3684, 95334, 314, 11350, 25, 10168, 623, 5703, 316, 413, 43852, 558, 2975, 25, 1621, 20046, 623, 2086, 328, 1534, 8537, 316, 31053, 558, 4571, 11623, 52628, 25, 2086, 412, 9263, 871, 1062, 20544, 10497, 290, 9481, 306, 52656, 47, 5435, 326, 622, 290, 18522, 328, 290, 198, 12919, 3011, 11, 15683, 106694, 2164, 1078, 198, 271, 290, 4335, 9481, 558, 2493, 3684, 3567, 5368, 314, 11350, 25, 10168, 623, 9481, 316, 413, 43852, 558, 5812, 25, 1621, 412, 9263, 871, 1062, 20544, 2942, 290, 85725, 328, 261, 26487, 9481, 306, 261, 4335, 2944, 11, 622, 290, 44616, 4666, 558, 2493, 3684, 3567, 5368, 3067, 26422, 314, 11350, 25, 10168, 290, 1308, 328, 290, 26487, 9481, 11, 319, 1940, 13, 392, 82255, 28482, 1092, 5812, 25, 1621, 20046, 290, 1284, 11, 319, 1940, 13, 220, 1323, 17, 198, 5682, 25, 2086, 20046, 290, 2944, 11, 319, 1940, 13, 220, 899, 198, 18648, 25, 2086, 412, 9263, 871, 1062, 20544, 29844, 261, 4666, 11, 3684, 290, 2006, 2205, 7342, 326, 7377, 290, 81026, 3926, 328, 290, 4666, 395, 261, 4335, 3521, 558, 2493, 3684, 81741, 3276, 54968, 5342, 314, 11350, 25, 10168, 623, 4666, 316, 3684, 395, 558, 1804, 25, 1621, 20046, 623, 3521, 316, 3684, 395, 13, 623, 6011, 1757, 413, 135897, 12365, 9661, 558, 1319, 25, 1621, 412, 9263, 871, 1062, 20544, 39239, 290, 3100, 328, 261, 4335, 3213, 350, 267, 4666, 8, 326, 622, 290, 23478, 2201, 558, 3206, 1340, 6690, 842, 1236, 2164, 11, 20547, 306, 94365, 3100, 558, 2493, 13424, 61043, 16500, 314, 11350, 25, 10168, 623, 3104, 328, 290, 3213, 316, 413, 23478, 11, 4784, 261, 2698, 3104, 503, 261, 9206, 13, 1225, 665, 2273, 3621, 11, 11065, 6291, 11, 16216, 6291, 326, 146872, 11, 5178, 558, 11557, 5558, 25, 1621, 20046, 623, 5703, 316, 413, 2061, 395, 104762, 290, 3100, 13, 1843, 290, 3100, 382, 3101, 1701, 11, 290, 5703, 738, 413, 2061, 316, 11410, 1118, 997, 8895, 290, 12331, 2164, 350, 9995, 460, 2971, 741, 623, 5703, 1757, 413, 20434, 483, 290, 2208, 5296, 558, 2975, 25, 1621, 412, 9263, 871, 1062, 20544, 355, 11629, 116928, 1118, 665, 66687, 290, 10327, 22391, 316, 17722, 290, 5296, 1118, 4414, 12151, 41570, 10370, 558, 2493, 28248, 6236, 314, 11350, 25, 10168, 623, 5296, 15226, 316, 17722, 558, 15921, 157118, 25, 1621, 20046, 623, 1604, 9206, 316, 4030, 558, 5236, 6236, 25, 1621, 412, 9263, 871, 1062, 20544, 23600, 261, 4928, 1078, 290, 3823, 558, 2493, 3810, 67587, 138995, 44960, 314, 11350, 25, 10168, 623, 3104, 316, 290, 3823, 1974, 558, 17615, 5558, 25, 1621, 20046, 623, 4928, 316, 3810, 1078, 290, 3823, 558, 14921, 25, 1621, 412, 9263, 871, 1062, 20544, 6318, 3322, 483, 261, 10185, 5701, 6011, 558, 2493, 622, 20405, 21978, 314, 11350, 25, 10168, 623, 1534, 328, 290, 5296, 16547, 3252, 25, 1621, 20046, 40343, 34700, 5588, 290, 5296, 12323, 9363, 16547, 33814, 25, 3870, 412, 9263, 871, 1062, 502, 92, 602, 9819, 9964, 200007, 200006, 1428, 200008, 2167, 553, 37367, 261, 8012, 5296, 11, 326, 581, 679, 12648, 290, 5296, 1511, 4919, 25091, 9523, 558, 1944, 3575, 1309, 316, 2273, 1001, 4335, 5296, 13, 19666, 19429, 484, 290, 4792, 382, 3975, 123669, 13, 623, 6052, 2226, 4310, 13, 1843, 481, 8535, 17722, 290, 5296, 11, 4843, 12886, 290, 5207, 326, 290, 1534, 481, 679, 23088, 306, 10851, 558, 976, 3100, 328, 290, 5296, 484, 481, 1309, 316, 621, 382, 1402, 27, 15921, 523, 5975, 395, 7178, 2237, 7155, 1238, 306, 57606, 5686, 11, 40747, 11, 16515, 395, 290, 20866, 220, 21283, 17, 197588, 62540, 40095, 326, 220, 667, 22, 11036, 78, 27522, 20944, 11, 316, 1646, 842, 1118, 2237, 8754, 395, 945, 306, 220, 1323, 17, 558, 808, 15921, 523, 1944, 12253, 382, 290, 10705, 5296, 395, 9682, 11, 1118, 8895, 1236, 10297, 2164, 484, 665, 1652, 481, 17722, 290, 5296, 1402, 27, 159046, 27167, 523, 40, 4572, 9791, 1078, 14279, 922, 2237, 11, 813, 357, 1682, 316, 4484, 945, 1078, 1495, 12668, 306, 922, 3624, 8754, 8422, 13, 357, 4561, 306, 57606, 5686, 11, 40747, 11, 1118, 382, 402, 290, 18149, 328, 532, 30761, 13, 357, 1761, 1920, 12668, 5862, 668, 484, 8754, 306, 220, 1323, 17, 1504, 220, 21283, 17, 197588, 62540, 40095, 11, 326, 220, 667, 22, 11036, 78, 27522, 20944, 13, 9764, 1118, 328, 2617, 12668, 8754, 395, 945, 306, 220, 1323, 17, 11, 326, 5485, 668, 1495, 2009, 480, 8754, 395, 13, 6070, 1573, 3006, 179663, 503, 26964, 9610, 306, 290, 6052, 558, 808, 159046, 27167, 3037, 12253, 553, 4376, 328, 1236, 141483, 4376, 484, 481, 665, 6716, 316, 350, 6857, 538, 1354, 553, 860, 141483, 4376, 15626, 27, 134568, 31049, 6744, 3037, 808, 134568, 31049, 6744, 3037, 12253, 553, 1236, 6623, 2164, 1078, 290, 5296, 350, 7393, 395, 9682, 11, 326, 1340, 413, 8213, 1883, 27, 69631, 6744, 523, 8505, 198, 808, 69631, 6744, 3037, 10620, 4843, 9637, 48255, 290, 2164, 5151, 11, 2075, 634, 1636, 316, 48255, 290, 9595, 4376, 326, 634, 2839, 8437, 316, 17722, 290, 2208, 5296, 364, 3335, 481, 1309, 316, 5067, 3490, 11, 3779, 10419, 3490, 1299, 392, 18582, 3490, 672, 634, 3490, 1757, 413, 9141, 150488, 326, 3741, 316, 9637, 17722, 290, 5296, 13, 6311, 5281, 290, 3490, 11, 481, 2804, 15792, 290, 3490, 558, 3335, 481, 553, 2966, 316, 2273, 2698, 6291, 11, 481, 1757, 45615, 8633, 722, 290, 23478, 1974, 3104, 350, 58447, 48182, 6291, 306, 16216, 6291, 8, 306, 634, 6052, 316, 1632, 1273, 13816, 1761, 1919, 316, 1646, 290, 1974, 558, 3335, 481, 1646, 290, 1543, 15921, 382, 328, 860, 1652, 316, 5533, 290, 10705, 5296, 4122, 402, 290, 2164, 481, 20480, 11, 481, 1757, 1520, 290, 1543, 15921, 9363, 11, 326, 622, 634, 38415, 395, 290, 2613, 5983, 13, 350, 68, 1940, 13, 481, 553, 7747, 316, 13424, 290, 3100, 328, 290, 3213, 11, 889, 290, 3213, 382, 3101, 1701, 13, 1225, 382, 3432, 316, 5067, 22752, 3490, 316, 2273, 480, 8, 200007, 200006, 173781, 200005, 12606, 815, 316, 28, 44580, 16718, 95334, 220, 200003, 4108, 200008, 10848, 2975, 1243, 392, 21283, 17, 197588, 62540, 40095, 57606, 5686, 40747, 2237, 7357, 220, 1323, 17, 672, 392, 4571, 11623, 52628, 1243, 220, 16, 92, 200012, 200006, 173781, 200005, 12606, 815, 316, 28, 44580, 16718, 95334, 220, 200003, 4108, 200008, 10848, 2975, 1243, 392, 667, 22, 11036, 78, 27522, 20944, 57606, 5686, 40747, 2237, 7357, 220, 1323, 17, 672, 392, 4571, 11623, 52628, 1243, 220, 16, 92, 200012]"
1964,62,2,[2],"[200006, 77944, 200008, 2, 68406, 2499, 3575, 553, 261, 10297, 29186, 484, 665, 3684, 290, 1880, 11, 13424, 53556, 3100, 11, 66687, 10327, 10370, 11, 326, 3587, 12331, 2164, 316, 17722, 290, 4335, 5296, 558, 25627, 306, 4246, 484, 734, 12, 3756, 625, 413, 65677, 21716, 306, 634, 2316, 7124, 13, 124801, 665, 3587, 261, 50568, 18418, 326, 1652, 14986, 9595, 7124, 13, 4066, 12, 1843, 1001, 2006, 28336, 316, 3587, 448, 6052, 11, 2075, 1273, 6984, 503, 7933, 13, 623, 6052, 2226, 13031, 558, 12, 1843, 290, 3684, 88814, 382, 537, 11283, 1500, 889, 290, 9206, 5124, 591, 448, 107087, 4256, 11, 2075, 4030, 290, 3438, 395, 945, 4878, 13, 4066, 12, 4296, 3778, 395, 4857, 57979, 4824, 350, 68, 1940, 4213, 22678, 22586, 936, 90916, 15048, 11525, 326, 8397, 64139, 1606, 402, 3684, 130631, 13, 4066, 12, 4296, 37367, 13638, 484, 1841, 1880, 43167, 11, 2371, 26487, 1577, 2254, 29457, 1273, 12162, 13, 4066, 12, 1608, 665, 1217, 66687, 10327, 10370, 316, 717, 945, 2164, 503, 14866, 290, 2164, 481, 679, 2491, 558, 12, 28835, 30937, 382, 1217, 10297, 395, 12129, 3783, 67852, 13, 28835, 30937, 12084, 621, 625, 23517, 1309, 316, 1646, 4857, 14716, 11, 889, 665, 1217, 1652, 1646, 1880, 3011, 67852, 484, 10232, 14716, 350, 77091, 6541, 316, 1646, 1819, 4705, 1880, 43167, 741, 1608, 665, 1646, 290, 6052, 316, 290, 4928, 656, 22415, 29068, 12084, 402, 290, 9206, 11, 2238, 472, 117088, 290, 3100, 328, 290, 53556, 558, 12, 3756, 625, 29810, 25222, 402, 3213, 8437, 503, 10327, 30937, 316, 1646, 290, 6052, 11, 481, 1757, 21700, 3213, 8437, 326, 10327, 30937, 316, 13576, 130352, 2273, 1880, 3011, 2164, 13, 6083, 3100, 1340, 1309, 316, 621, 10327, 30937, 316, 717, 11, 503, 1236, 3100, 382, 44923, 656, 79013, 558, 12, 730, 634, 3322, 11, 481, 1757, 8633, 290, 63647, 481, 679, 18416, 326, 23478, 364, 12253, 553, 1236, 9858, 484, 1652, 481, 3347, 1880, 3684, 734, 12, 28741, 1147, 3101, 1991, 29778, 306, 634, 3684, 5703, 0, 6083, 14633, 4376, 1309, 316, 3347, 10327, 22391, 316, 717, 11, 625, 2360, 3684, 116928, 558, 12, 1843, 290, 4928, 382, 8012, 11, 3684, 4376, 13729, 621, 625, 3587, 31687, 14716, 13, 1225, 382, 625, 6960, 316, 1646, 290, 6052, 8516, 2360, 3684, 116928, 1606, 11, 290, 3684, 5703, 1757, 413, 82463, 326, 26671, 402, 12129, 7313, 11525, 7542, 1572, 2823, 14716, 558, 220, 2214, 4994, 11, 472, 395, 290, 4928, 392, 4827, 382, 290, 10562, 5517, 306, 29514, 328, 1069, 24, 306, 290, 1577, 6743, 98967, 4022, 402, 1608, 13151, 484, 673, 4862, 9917, 7065, 316, 290, 139188, 12352, 115479, 3438, 58900, 634, 1577, 3684, 2914, 2804, 413, 81371, 18511, 3883, 1299, 392, 40005, 98967, 1608, 13151, 1, 316, 1646, 290, 38037, 3438, 1577, 11, 326, 1815, 2075, 1273, 8975, 18511, 3883, 3684, 5941, 5983, 23541, 41570, 316, 1646, 945, 63647, 558, 12, 623, 4376, 481, 622, 621, 625, 679, 316, 8516, 6052, 290, 4756, 4928, 11, 481, 1606, 1309, 316, 7916, 12331, 2164, 8525, 2, 20574, 279, 877, 9964, 279, 4797, 9964, 95359, 7649, 5800, 3684, 6018, 316, 3684, 2164, 395, 290, 4335, 5703, 558, 2493, 3684, 95334, 314, 11350, 25, 10168, 623, 5703, 316, 413, 43852, 558, 2975, 25, 1621, 20046, 623, 2086, 328, 1534, 8537, 316, 31053, 558, 4571, 11623, 52628, 25, 2086, 412, 9263, 871, 1062, 20544, 10497, 290, 9481, 306, 52656, 47, 5435, 326, 622, 290, 18522, 328, 290, 198, 12919, 3011, 11, 15683, 106694, 2164, 1078, 198, 271, 290, 4335, 9481, 558, 2493, 3684, 3567, 5368, 314, 11350, 25, 10168, 623, 9481, 316, 413, 43852, 558, 5812, 25, 1621, 412, 9263, 871, 1062, 20544, 2942, 290, 85725, 328, 261, 26487, 9481, 306, 261, 4335, 2944, 11, 622, 290, 44616, 4666, 558, 2493, 3684, 3567, 5368, 3067, 26422, 314, 11350, 25, 10168, 290, 1308, 328, 290, 26487, 9481, 11, 319, 1940, 13, 392, 82255, 28482, 1092, 5812, 25, 1621, 20046, 290, 1284, 11, 319, 1940, 13, 220, 1323, 17, 198, 5682, 25, 2086, 20046, 290, 2944, 11, 319, 1940, 13, 220, 899, 198, 18648, 25, 2086, 412, 9263, 871, 1062, 20544, 29844, 261, 4666, 11, 3684, 290, 2006, 2205, 7342, 326, 7377, 290, 81026, 3926, 328, 290, 4666, 395, 261, 4335, 3521, 558, 2493, 3684, 81741, 3276, 54968, 5342, 314, 11350, 25, 10168, 623, 4666, 316, 3684, 395, 558, 1804, 25, 1621, 20046, 623, 3521, 316, 3684, 395, 13, 623, 6011, 1757, 413, 135897, 12365, 9661, 558, 1319, 25, 1621, 412, 9263, 871, 1062, 20544, 39239, 290, 3100, 328, 261, 4335, 3213, 350, 267, 4666, 8, 326, 622, 290, 23478, 2201, 558, 3206, 1340, 6690, 842, 1236, 2164, 11, 20547, 306, 94365, 3100, 558, 2493, 13424, 61043, 16500, 314, 11350, 25, 10168, 623, 3104, 328, 290, 3213, 316, 413, 23478, 11, 4784, 261, 2698, 3104, 503, 261, 9206, 13, 1225, 665, 2273, 3621, 11, 11065, 6291, 11, 16216, 6291, 326, 146872, 11, 5178, 558, 11557, 5558, 25, 1621, 20046, 623, 5703, 316, 413, 2061, 395, 104762, 290, 3100, 13, 1843, 290, 3100, 382, 3101, 1701, 11, 290, 5703, 738, 413, 2061, 316, 11410, 1118, 997, 8895, 290, 12331, 2164, 350, 9995, 460, 2971, 741, 623, 5703, 1757, 413, 20434, 483, 290, 2208, 5296, 558, 2975, 25, 1621, 412, 9263, 871, 1062, 20544, 355, 11629, 116928, 1118, 665, 66687, 290, 10327, 22391, 316, 17722, 290, 5296, 1118, 4414, 12151, 41570, 10370, 558, 2493, 28248, 6236, 314, 11350, 25, 10168, 623, 5296, 15226, 316, 17722, 558, 15921, 157118, 25, 1621, 20046, 623, 1604, 9206, 316, 4030, 558, 5236, 6236, 25, 1621, 412, 9263, 871, 1062, 20544, 23600, 261, 4928, 1078, 290, 3823, 558, 2493, 3810, 67587, 138995, 44960, 314, 11350, 25, 10168, 623, 3104, 316, 290, 3823, 1974, 558, 17615, 5558, 25, 1621, 20046, 623, 4928, 316, 3810, 1078, 290, 3823, 558, 14921, 25, 1621, 412, 9263, 871, 1062, 20544, 6318, 3322, 483, 261, 10185, 5701, 6011, 558, 2493, 622, 20405, 21978, 314, 11350, 25, 10168, 623, 1534, 328, 290, 5296, 16547, 3252, 25, 1621, 20046, 40343, 34700, 5588, 290, 5296, 12323, 9363, 16547, 33814, 25, 3870, 412, 9263, 871, 1062, 502, 92, 602, 9819, 9964, 200007, 200006, 1428, 200008, 2167, 553, 37367, 261, 8012, 5296, 11, 326, 581, 679, 12648, 290, 5296, 1511, 4919, 25091, 9523, 558, 1944, 3575, 1309, 316, 2273, 1001, 4335, 5296, 13, 19666, 19429, 484, 290, 4792, 382, 3975, 123669, 13, 623, 6052, 2226, 4310, 13, 1843, 481, 8535, 17722, 290, 5296, 11, 4843, 12886, 290, 5207, 326, 290, 1534, 481, 679, 23088, 306, 10851, 558, 976, 3100, 328, 290, 5296, 484, 481, 1309, 316, 621, 382, 1402, 27, 15921, 523, 5975, 395, 7178, 2237, 7155, 1238, 306, 57606, 5686, 11, 40747, 11, 16515, 395, 290, 20866, 220, 21283, 17, 197588, 62540, 40095, 326, 220, 667, 22, 11036, 78, 27522, 20944, 11, 316, 1646, 842, 1118, 2237, 8754, 395, 945, 306, 220, 1323, 17, 558, 808, 15921, 523, 1944, 12253, 382, 290, 10705, 5296, 395, 9682, 11, 1118, 8895, 1236, 10297, 2164, 484, 665, 1652, 481, 17722, 290, 5296, 1402, 27, 159046, 27167, 523, 40, 4572, 9791, 1078, 14279, 922, 2237, 11, 813, 357, 1682, 316, 4484, 945, 1078, 1495, 12668, 306, 922, 3624, 8754, 8422, 13, 357, 4561, 306, 57606, 5686, 11, 40747, 11, 1118, 382, 402, 290, 18149, 328, 532, 30761, 13, 357, 1761, 1920, 12668, 5862, 668, 484, 8754, 306, 220, 1323, 17, 1504, 220, 21283, 17, 197588, 62540, 40095, 11, 326, 220, 667, 22, 11036, 78, 27522, 20944, 13, 9764, 1118, 328, 2617, 12668, 8754, 395, 945, 306, 220, 1323, 17, 11, 326, 5485, 668, 1495, 2009, 480, 8754, 395, 13, 6070, 1573, 3006, 179663, 503, 26964, 9610, 306, 290, 6052, 558, 808, 159046, 27167, 3037, 12253, 553, 4376, 328, 1236, 141483, 4376, 484, 481, 665, 6716, 316, 350, 6857, 538, 1354, 553, 860, 141483, 4376, 15626, 27, 134568, 31049, 6744, 3037, 808, 134568, 31049, 6744, 3037, 12253, 553, 1236, 6623, 2164, 1078, 290, 5296, 350, 7393, 395, 9682, 11, 326, 1340, 413, 8213, 1883, 27, 69631, 6744, 523, 8505, 198, 808, 69631, 6744, 3037, 10620, 4843, 9637, 48255, 290, 2164, 5151, 11, 2075, 634, 1636, 316, 48255, 290, 9595, 4376, 326, 634, 2839, 8437, 316, 17722, 290, 2208, 5296, 364, 3335, 481, 1309, 316, 5067, 3490, 11, 3779, 10419, 3490, 1299, 392, 18582, 3490, 672, 634, 3490, 1757, 413, 9141, 150488, 326, 3741, 316, 9637, 17722, 290, 5296, 13, 6311, 5281, 290, 3490, 11, 481, 2804, 15792, 290, 3490, 558, 3335, 481, 553, 2966, 316, 2273, 2698, 6291, 11, 481, 1757, 45615, 8633, 722, 290, 23478, 1974, 3104, 350, 58447, 48182, 6291, 306, 16216, 6291, 8, 306, 634, 6052, 316, 1632, 1273, 13816, 1761, 1919, 316, 1646, 290, 1974, 558, 3335, 481, 1646, 290, 1543, 15921, 382, 328, 860, 1652, 316, 5533, 290, 10705, 5296, 4122, 402, 290, 2164, 481, 20480, 11, 481, 1757, 1520, 290, 1543, 15921, 9363, 11, 326, 622, 634, 38415, 395, 290, 2613, 5983, 13, 350, 68, 1940, 13, 481, 553, 7747, 316, 13424, 290, 3100, 328, 290, 3213, 11, 889, 290, 3213, 382, 3101, 1701, 13, 1225, 382, 3432, 316, 5067, 22752, 3490, 316, 2273, 480, 8, 200007, 200006, 173781, 200005, 12606, 815, 316, 28, 44580, 16718, 95334, 220, 200003, 4108, 200008, 10848, 2975, 7534, 21283, 17, 197588, 62540, 40095, 57606, 5686, 40747, 2237, 7357, 220, 1323, 17, 4294, 4571, 11623, 52628, 1243, 16, 92, 200012, 200006, 44580, 16718, 95334, 316, 28, 173781, 200005, 12606, 815, 200008, 58, 40200, 2521, 1537, 2337, 220, 16, 11, 461, 4576, 2337, 461, 21283, 17, 197588, 62540, 40095, 11, 57606, 5686, 11, 45039, 220, 51742, 10116, 1022, 134333, 787, 461, 9186, 2337, 461, 40377, 220, 1055, 11, 220, 1323, 19, 2550, 220, 21283, 17, 197588, 62540, 40095, 11, 57606, 5686, 11, 45039, 220, 51742, 10116, 382, 6821, 625, 395, 7357, 13, 623, 220, 18694, 23, 22980, 84848, 4590, 3502, 2237, 382, 261, 220, 19, 27154, 11, 220, 17, 59369, 4322, 36660, 461, 8431, 26156, 2337, 461, 21283, 17, 197588, 62540, 40095, 11, 57606, 5686, 45039, 11, 382, 261, 16035, 14098, 2237, 484, 8895, 220, 18694, 23, 24743, 16280, 326, 673, 8113, 306, 220, 6514, 18, 50453, 8895, 220, 19, 26058, 326, 220, 17, 42897, 52176, 2237, 2174, 8754, 395, 548, 16, 11, 9659, 11, 1302, 306, 7561, 220, 1323, 19, 15043, 77, 2381, 77, 976, 153542, 395, 495, 16035, 14098, 382, 548, 16, 11, 20335, 11, 9534, 20401, 25417, 153542, 395, 495, 16035, 14098, 382, 548, 19, 11, 11442, 107133, 36660, 461, 1804, 2337, 461, 4172, 1684, 3064, 9161, 96712, 1136, 14174, 33332, 16967, 14, 21283, 17, 9406, 1854, 62540, 12, 21001, 10316, 830, 75, 10050, 536, 13091, 40, 12, 51742, 10116, 14, 38732, 43615, 18252, 19554, 14, 17352, 60, 200007, 200006, 173781, 200005, 12606, 815, 316, 28, 44580, 16718, 95334, 220, 200003, 4108, 200008, 10848, 2975, 7534, 667, 22, 11036, 78, 27522, 20944, 57606, 5686, 40747, 2237, 7357, 220, 1323, 17, 4294, 4571, 11623, 52628, 1243, 16, 92, 200012, 200006, 44580, 16718, 95334, 316, 28, 173781, 200005, 12606, 815, 200008, 58, 40200, 2521, 1537, 2337, 220, 16, 11, 461, 4576, 2337, 461, 667, 22, 11036, 78, 27522, 3808, 11, 57606, 5686, 11, 45039, 220, 51742, 10116, 533, 5952, 6994, 787, 461, 9186, 2337, 461, 19, 27154, 11, 220, 18, 59369, 11, 220, 18881, 22, 24743, 13, 16280, 13, 4276, 7567, 540, 220, 667, 22, 11036, 78, 27522, 3808, 11, 57606, 5686, 11, 45039, 220, 51742, 10116, 8754, 395, 548, 11003, 1302, 15, 402, 6025, 220, 1422, 11, 220, 1323, 18, 13, 37648, 2, 220, 1323, 25117, 36964, 13, 125325, 56, 220, 24, 4867, 56852, 112157, 135324, 15, 196452, 461, 8431, 26156, 2337, 461, 45, 18689, 787, 461, 1804, 2337, 461, 4172, 1684, 3064, 30801, 6994, 1136, 14, 36525, 27120, 830, 75, 10050, 536, 14, 667, 22, 12249, 15150, 6189, 1361, 12, 5822, 12, 51742, 10116, 36797, 14, 47423, 22275, 5462, 17352, 60, 200007, 200006, 173781, 200005, 12606, 815, 316, 28, 44580, 67806, 61043, 16500, 220, 200003, 4108, 200008, 10848, 11557, 5558, 7534, 4172, 1684, 3064, 9161, 96712, 1136, 14174, 33332, 16967, 14, 21283, 17, 9406, 1854, 62540, 12, 21001, 10316, 830, 75, 10050, 536, 13091, 40, 12, 51742, 10116, 14, 38732, 43615, 18252, 19554, 14, 4294, 2975, 7534, 9603, 7357, 3911, 306, 220, 1323, 17, 18583, 200012]"
2903,59,2,[3],"[200006, 77944, 200008, 2, 68406, 2499, 3575, 553, 261, 10297, 29186, 484, 665, 3684, 290, 1880, 11, 13424, 53556, 3100, 11, 66687, 10327, 10370, 11, 326, 3587, 12331, 2164, 316, 17722, 290, 4335, 5296, 558, 25627, 306, 4246, 484, 734, 12, 3756, 625, 413, 65677, 21716, 306, 634, 2316, 7124, 13, 124801, 665, 3587, 261, 50568, 18418, 326, 1652, 14986, 9595, 7124, 13, 4066, 12, 1843, 1001, 2006, 28336, 316, 3587, 448, 6052, 11, 2075, 1273, 6984, 503, 7933, 13, 623, 6052, 2226, 13031, 558, 12, 1843, 290, 3684, 88814, 382, 537, 11283, 1500, 889, 290, 9206, 5124, 591, 448, 107087, 4256, 11, 2075, 4030, 290, 3438, 395, 945, 4878, 13, 4066, 12, 4296, 3778, 395, 4857, 57979, 4824, 350, 68, 1940, 4213, 22678, 22586, 936, 90916, 15048, 11525, 326, 8397, 64139, 1606, 402, 3684, 130631, 13, 4066, 12, 4296, 37367, 13638, 484, 1841, 1880, 43167, 11, 2371, 26487, 1577, 2254, 29457, 1273, 12162, 13, 4066, 12, 1608, 665, 1217, 66687, 10327, 10370, 316, 717, 945, 2164, 503, 14866, 290, 2164, 481, 679, 2491, 558, 12, 28835, 30937, 382, 1217, 10297, 395, 12129, 3783, 67852, 13, 28835, 30937, 12084, 621, 625, 23517, 1309, 316, 1646, 4857, 14716, 11, 889, 665, 1217, 1652, 1646, 1880, 3011, 67852, 484, 10232, 14716, 350, 77091, 6541, 316, 1646, 1819, 4705, 1880, 43167, 741, 1608, 665, 1646, 290, 6052, 316, 290, 4928, 656, 22415, 29068, 12084, 402, 290, 9206, 11, 2238, 472, 117088, 290, 3100, 328, 290, 53556, 558, 12, 3756, 625, 29810, 25222, 402, 3213, 8437, 503, 10327, 30937, 316, 1646, 290, 6052, 11, 481, 1757, 21700, 3213, 8437, 326, 10327, 30937, 316, 13576, 130352, 2273, 1880, 3011, 2164, 13, 6083, 3100, 1340, 1309, 316, 621, 10327, 30937, 316, 717, 11, 503, 1236, 3100, 382, 44923, 656, 79013, 558, 12, 730, 634, 3322, 11, 481, 1757, 8633, 290, 63647, 481, 679, 18416, 326, 23478, 364, 12253, 553, 1236, 9858, 484, 1652, 481, 3347, 1880, 3684, 734, 12, 28741, 1147, 3101, 1991, 29778, 306, 634, 3684, 5703, 0, 6083, 14633, 4376, 1309, 316, 3347, 10327, 22391, 316, 717, 11, 625, 2360, 3684, 116928, 558, 12, 1843, 290, 4928, 382, 8012, 11, 3684, 4376, 13729, 621, 625, 3587, 31687, 14716, 13, 1225, 382, 625, 6960, 316, 1646, 290, 6052, 8516, 2360, 3684, 116928, 1606, 11, 290, 3684, 5703, 1757, 413, 82463, 326, 26671, 402, 12129, 7313, 11525, 7542, 1572, 2823, 14716, 558, 220, 2214, 4994, 11, 472, 395, 290, 4928, 392, 4827, 382, 290, 10562, 5517, 306, 29514, 328, 1069, 24, 306, 290, 1577, 6743, 98967, 4022, 402, 1608, 13151, 484, 673, 4862, 9917, 7065, 316, 290, 139188, 12352, 115479, 3438, 58900, 634, 1577, 3684, 2914, 2804, 413, 81371, 18511, 3883, 1299, 392, 40005, 98967, 1608, 13151, 1, 316, 1646, 290, 38037, 3438, 1577, 11, 326, 1815, 2075, 1273, 8975, 18511, 3883, 3684, 5941, 5983, 23541, 41570, 316, 1646, 945, 63647, 558, 12, 623, 4376, 481, 622, 621, 625, 679, 316, 8516, 6052, 290, 4756, 4928, 11, 481, 1606, 1309, 316, 7916, 12331, 2164, 8525, 2, 20574, 279, 877, 9964, 279, 4797, 9964, 95359, 7649, 5800, 3684, 6018, 316, 3684, 2164, 395, 290, 4335, 5703, 558, 2493, 3684, 95334, 314, 11350, 25, 10168, 623, 5703, 316, 413, 43852, 558, 2975, 25, 1621, 20046, 623, 2086, 328, 1534, 8537, 316, 31053, 558, 4571, 11623, 52628, 25, 2086, 412, 9263, 871, 1062, 20544, 10497, 290, 9481, 306, 52656, 47, 5435, 326, 622, 290, 18522, 328, 290, 198, 12919, 3011, 11, 15683, 106694, 2164, 1078, 198, 271, 290, 4335, 9481, 558, 2493, 3684, 3567, 5368, 314, 11350, 25, 10168, 623, 9481, 316, 413, 43852, 558, 5812, 25, 1621, 412, 9263, 871, 1062, 20544, 2942, 290, 85725, 328, 261, 26487, 9481, 306, 261, 4335, 2944, 11, 622, 290, 44616, 4666, 558, 2493, 3684, 3567, 5368, 3067, 26422, 314, 11350, 25, 10168, 290, 1308, 328, 290, 26487, 9481, 11, 319, 1940, 13, 392, 82255, 28482, 1092, 5812, 25, 1621, 20046, 290, 1284, 11, 319, 1940, 13, 220, 1323, 17, 198, 5682, 25, 2086, 20046, 290, 2944, 11, 319, 1940, 13, 220, 899, 198, 18648, 25, 2086, 412, 9263, 871, 1062, 20544, 29844, 261, 4666, 11, 3684, 290, 2006, 2205, 7342, 326, 7377, 290, 81026, 3926, 328, 290, 4666, 395, 261, 4335, 3521, 558, 2493, 3684, 81741, 3276, 54968, 5342, 314, 11350, 25, 10168, 623, 4666, 316, 3684, 395, 558, 1804, 25, 1621, 20046, 623, 3521, 316, 3684, 395, 13, 623, 6011, 1757, 413, 135897, 12365, 9661, 558, 1319, 25, 1621, 412, 9263, 871, 1062, 20544, 39239, 290, 3100, 328, 261, 4335, 3213, 350, 267, 4666, 8, 326, 622, 290, 23478, 2201, 558, 3206, 1340, 6690, 842, 1236, 2164, 11, 20547, 306, 94365, 3100, 558, 2493, 13424, 61043, 16500, 314, 11350, 25, 10168, 623, 3104, 328, 290, 3213, 316, 413, 23478, 11, 4784, 261, 2698, 3104, 503, 261, 9206, 13, 1225, 665, 2273, 3621, 11, 11065, 6291, 11, 16216, 6291, 326, 146872, 11, 5178, 558, 11557, 5558, 25, 1621, 20046, 623, 5703, 316, 413, 2061, 395, 104762, 290, 3100, 13, 1843, 290, 3100, 382, 3101, 1701, 11, 290, 5703, 738, 413, 2061, 316, 11410, 1118, 997, 8895, 290, 12331, 2164, 350, 9995, 460, 2971, 741, 623, 5703, 1757, 413, 20434, 483, 290, 2208, 5296, 558, 2975, 25, 1621, 412, 9263, 871, 1062, 20544, 355, 11629, 116928, 1118, 665, 66687, 290, 10327, 22391, 316, 17722, 290, 5296, 1118, 4414, 12151, 41570, 10370, 558, 2493, 28248, 6236, 314, 11350, 25, 10168, 623, 5296, 15226, 316, 17722, 558, 15921, 157118, 25, 1621, 20046, 623, 1604, 9206, 316, 4030, 558, 5236, 6236, 25, 1621, 412, 9263, 871, 1062, 20544, 23600, 261, 4928, 1078, 290, 3823, 558, 2493, 3810, 67587, 138995, 44960, 314, 11350, 25, 10168, 623, 3104, 316, 290, 3823, 1974, 558, 17615, 5558, 25, 1621, 20046, 623, 4928, 316, 3810, 1078, 290, 3823, 558, 14921, 25, 1621, 412, 9263, 871, 1062, 20544, 6318, 3322, 483, 261, 10185, 5701, 6011, 558, 2493, 622, 20405, 21978, 314, 11350, 25, 10168, 623, 1534, 328, 290, 5296, 16547, 3252, 25, 1621, 20046, 40343, 34700, 5588, 290, 5296, 12323, 9363, 16547, 33814, 25, 3870, 412, 9263, 871, 1062, 502, 92, 602, 9819, 9964, 200007, 200006, 1428, 200008, 2167, 553, 37367, 261, 8012, 5296, 11, 326, 581, 679, 12648, 290, 5296, 1511, 4919, 25091, 9523, 558, 1944, 3575, 1309, 316, 2273, 1001, 4335, 5296, 13, 19666, 19429, 484, 290, 4792, 382, 3975, 123669, 13, 623, 6052, 2226, 4310, 13, 1843, 481, 8535, 17722, 290, 5296, 11, 4843, 12886, 290, 5207, 326, 290, 1534, 481, 679, 23088, 306, 10851, 558, 976, 3100, 328, 290, 5296, 484, 481, 1309, 316, 621, 382, 1402, 27, 15921, 523, 5975, 395, 7178, 2237, 7155, 1238, 306, 57606, 5686, 11, 40747, 11, 16515, 395, 290, 20866, 220, 21283, 17, 197588, 62540, 40095, 326, 220, 667, 22, 11036, 78, 27522, 20944, 11, 316, 1646, 842, 1118, 2237, 8754, 395, 945, 306, 220, 1323, 17, 558, 808, 15921, 523, 1944, 12253, 382, 290, 10705, 5296, 395, 9682, 11, 1118, 8895, 1236, 10297, 2164, 484, 665, 1652, 481, 17722, 290, 5296, 1402, 27, 159046, 27167, 523, 40, 4572, 9791, 1078, 14279, 922, 2237, 11, 813, 357, 1682, 316, 4484, 945, 1078, 1495, 12668, 306, 922, 3624, 8754, 8422, 13, 357, 4561, 306, 57606, 5686, 11, 40747, 11, 1118, 382, 402, 290, 18149, 328, 532, 30761, 13, 357, 1761, 1920, 12668, 5862, 668, 484, 8754, 306, 220, 1323, 17, 1504, 220, 21283, 17, 197588, 62540, 40095, 11, 326, 220, 667, 22, 11036, 78, 27522, 20944, 13, 9764, 1118, 328, 2617, 12668, 8754, 395, 945, 306, 220, 1323, 17, 11, 326, 5485, 668, 1495, 2009, 480, 8754, 395, 13, 6070, 1573, 3006, 179663, 503, 26964, 9610, 306, 290, 6052, 558, 808, 159046, 27167, 3037, 12253, 553, 4376, 328, 1236, 141483, 4376, 484, 481, 665, 6716, 316, 350, 6857, 538, 1354, 553, 860, 141483, 4376, 15626, 27, 134568, 31049, 6744, 3037, 808, 134568, 31049, 6744, 3037, 12253, 553, 1236, 6623, 2164, 1078, 290, 5296, 350, 7393, 395, 9682, 11, 326, 1340, 413, 8213, 1883, 27, 69631, 6744, 523, 8505, 198, 808, 69631, 6744, 3037, 10620, 4843, 9637, 48255, 290, 2164, 5151, 11, 2075, 634, 1636, 316, 48255, 290, 9595, 4376, 326, 634, 2839, 8437, 316, 17722, 290, 2208, 5296, 364, 3335, 481, 1309, 316, 5067, 3490, 11, 3779, 10419, 3490, 1299, 392, 18582, 3490, 672, 634, 3490, 1757, 413, 9141, 150488, 326, 3741, 316, 9637, 17722, 290, 5296, 13, 6311, 5281, 290, 3490, 11, 481, 2804, 15792, 290, 3490, 558, 3335, 481, 553, 2966, 316, 2273, 2698, 6291, 11, 481, 1757, 45615, 8633, 722, 290, 23478, 1974, 3104, 350, 58447, 48182, 6291, 306, 16216, 6291, 8, 306, 634, 6052, 316, 1632, 1273, 13816, 1761, 1919, 316, 1646, 290, 1974, 558, 3335, 481, 1646, 290, 1543, 15921, 382, 328, 860, 1652, 316, 5533, 290, 10705, 5296, 4122, 402, 290, 2164, 481, 20480, 11, 481, 1757, 1520, 290, 1543, 15921, 9363, 11, 326, 622, 634, 38415, 395, 290, 2613, 5983, 13, 350, 68, 1940, 13, 481, 553, 7747, 316, 13424, 290, 3100, 328, 290, 3213, 11, 889, 290, 3213, 382, 3101, 1701, 13, 1225, 382, 3432, 316, 5067, 22752, 3490, 316, 2273, 480, 8, 200007, 200006, 173781, 200005, 12606, 815, 316, 28, 44580, 16718, 95334, 220, 200003, 4108, 200008, 10848, 2975, 7534, 21283, 17, 197588, 62540, 40095, 57606, 5686, 40747, 2237, 7357, 220, 1323, 17, 4294, 4571, 11623, 52628, 1243, 16, 92, 200012, 200006, 44580, 16718, 95334, 316, 28, 173781, 200005, 12606, 815, 200008, 58, 40200, 2521, 1537, 2337, 220, 16, 11, 461, 4576, 2337, 461, 21283, 17, 197588, 62540, 40095, 11, 57606, 5686, 11, 45039, 220, 51742, 10116, 1022, 134333, 787, 461, 9186, 2337, 461, 40377, 220, 1055, 11, 220, 1323, 19, 2550, 220, 21283, 17, 197588, 62540, 40095, 11, 57606, 5686, 11, 45039, 220, 51742, 10116, 382, 6821, 625, 395, 7357, 13, 623, 220, 18694, 23, 22980, 84848, 4590, 3502, 2237, 382, 261, 220, 19, 27154, 11, 220, 17, 59369, 4322, 36660, 461, 8431, 26156, 2337, 461, 21283, 17, 197588, 62540, 40095, 11, 57606, 5686, 45039, 11, 382, 261, 16035, 14098, 2237, 484, 8895, 220, 18694, 23, 24743, 16280, 326, 673, 8113, 306, 220, 6514, 18, 50453, 8895, 220, 19, 26058, 326, 220, 17, 42897, 52176, 2237, 2174, 8754, 395, 548, 16, 11, 9659, 11, 1302, 306, 7561, 220, 1323, 19, 15043, 77, 2381, 77, 976, 153542, 395, 495, 16035, 14098, 382, 548, 16, 11, 20335, 11, 9534, 20401, 25417, 153542, 395, 495, 16035, 14098, 382, 548, 19, 11, 11442, 107133, 36660, 461, 1804, 2337, 461, 4172, 1684, 3064, 9161, 96712, 1136, 14174, 33332, 16967, 14, 21283, 17, 9406, 1854, 62540, 12, 21001, 10316, 830, 75, 10050, 536, 13091, 40, 12, 51742, 10116, 14, 38732, 43615, 18252, 19554, 14, 17352, 60, 200007, 200006, 173781, 200005, 12606, 815, 316, 28, 44580, 16718, 95334, 220, 200003, 4108, 200008, 10848, 2975, 7534, 667, 22, 11036, 78, 27522, 20944, 57606, 5686, 40747, 2237, 7357, 220, 1323, 17, 4294, 4571, 11623, 52628, 1243, 16, 92, 200012, 200006, 44580, 16718, 95334, 316, 28, 173781, 200005, 12606, 815, 200008, 58, 40200, 2521, 1537, 2337, 220, 16, 11, 461, 4576, 2337, 461, 667, 22, 11036, 78, 27522, 3808, 11, 57606, 5686, 11, 45039, 220, 51742, 10116, 533, 5952, 6994, 787, 461, 9186, 2337, 461, 19, 27154, 11, 220, 18, 59369, 11, 220, 18881, 22, 24743, 13, 16280, 13, 4276, 7567, 540, 220, 667, 22, 11036, 78, 27522, 3808, 11, 57606, 5686, 11, 45039, 220, 51742, 10116, 8754, 395, 548, 11003, 1302, 15, 402, 6025, 220, 1422, 11, 220, 1323, 18, 13, 37648, 2, 220, 1323, 25117, 36964, 13, 125325, 56, 220, 24, 4867, 56852, 112157, 135324, 15, 196452, 461, 8431, 26156, 2337, 461, 45, 18689, 787, 461, 1804, 2337, 461, 4172, 1684, 3064, 30801, 6994, 1136, 14, 36525, 27120, 830, 75, 10050, 536, 14, 667, 22, 12249, 15150, 6189, 1361, 12, 5822, 12, 51742, 10116, 36797, 14, 47423, 22275, 5462, 17352, 60, 200007, 200006, 173781, 200005, 12606, 815, 316, 28, 44580, 67806, 61043, 16500, 220, 200003, 4108, 200008, 10848, 11557, 5558, 7534, 4172, 1684, 3064, 9161, 96712, 1136, 14174, 33332, 16967, 14, 21283, 17, 9406, 1854, 62540, 12, 21001, 10316, 830, 75, 10050, 536, 13091, 40, 12, 51742, 10116, 14, 38732, 43615, 18252, 19554, 14, 4294, 2975, 7534, 9603, 7357, 3911, 306, 220, 1323, 17, 18583, 200012, 200006, 44580, 67806, 61043, 16500, 316, 28, 173781, 200005, 12606, 815, 200008, 55978, 11, 40660, 39818, 2758, 17719, 20614, 4172, 1684, 3064, 9161, 96712, 1136, 14174, 33332, 16967, 14, 21283, 17, 9406, 1854, 62540, 12, 21001, 10316, 830, 75, 10050, 536, 13091, 40, 12, 51742, 10116, 14, 38732, 43615, 18252, 19554, 52099, 38258, 16099, 7626, 40350, 23428, 77, 3392, 34422, 3392, 3392, 45639, 4479, 3392, 3392, 46759, 3895, 20614, 4172, 1684, 48251, 45173, 1136, 92654, 20096, 27309, 5409, 1282, 30, 7693, 28, 21283, 17, 195068, 1854, 62540, 10, 21001, 4, 17, 34, 10, 137706, 75, 10, 15764, 4, 17, 34, 10, 36525, 10, 51742, 10116, 5, 4461, 28, 30522, 87, 21514, 5, 1898, 28, 138699, 53597, 1312, 37, 4123, 33, 16, 1503, 8287, 104805, 69, 22, 5190, 18, 12, 20, 50872, 38291, 64, 39, 80, 36, 41, 69, 21, 171570, 5, 4935, 28, 468, 10306, 14658, 75838, 28, 31846, 80, 19, 39, 80, 1483, 24, 68715, 88, 22, 124421, 70, 74, 6624, 86, 1205, 173219, 74, 786, 28, 23428, 77, 3392, 3, 16, 11, 9659, 11, 1302, 3392, 3392, 2, 220, 21283, 17, 197588, 62540, 40095, 64255, 830, 75, 5686, 11, 45039, 220, 51742, 10116, 3392, 3392, 19, 174454, 3392, 3392, 17, 65, 83839, 3392, 3392, 16, 11, 44008, 57619, 826, 3392, 3392, 11636, 3392, 3392, 13301, 14098, 78263, 3392, 3392, 70561, 306, 220, 6514, 18, 3392, 3392, 5994, 12, 5994, 12, 102497, 3261, 3392, 3392, 3, 16, 11, 13567, 11, 4812, 153542, 8980, 59, 77, 3392, 3, 47628, 5031, 80, 826, 3392, 3392, 3, 19, 11, 11442, 120237, 9462, 3392, 3392, 877, 6136, 1432, 3392, 3392, 57, 56622, 8980, 59, 77, 3392, 3, 16, 11, 13567, 11, 4812, 3392, 3392, 76710, 7155, 3352, 3392, 3392, 3, 16, 13, 994, 44, 533, 548, 16, 13, 1860, 44, 3392, 3392, 56915, 153542, 8980, 59, 77, 3392, 3, 19, 11, 11442, 107133, 3392, 3392, 57, 56622, 8980, 5678, 3392, 3392, 8884, 4824, 56915, 153542, 24146, 9927, 3392, 3392, 89351, 656, 16008, 77, 3392, 43232, 415, 1516, 44, 6053, 20811, 12, 41611, 12, 31659, 17, 51674, 77, 3392, 7805, 6994, 20534, 3392, 3392, 4823, 25, 19260, 50659, 37648, 11, 55683, 97210, 220, 1323, 31007, 38302, 46759, 55683, 36436, 20614, 4172, 1684, 52597, 9161, 96712, 4267, 1136, 11502, 79, 25451, 35272, 2991, 68, 15, 69, 23, 65, 47772, 504, 66, 3659, 65, 20, 67, 24, 67, 18369, 68, 19302, 65, 16826, 96712, 54968, 62, 4129, 62, 2467, 9414, 23428, 77, 3392, 148747, 48493, 395, 945, 402, 134333, 3392, 3392, 1816, 261, 134333, 131144, 10104, 254, 17040, 540, 860, 6623, 3097, 326, 481, 2023, 7437, 395, 220, 17, 4, 945, 15043, 77, 3392, 21996, 17040, 3392, 3, 16, 11, 13567, 11, 4812, 3392, 3392, 17, 4, 945, 3392, 3392, 71467, 1860, 11, 35070, 3392, 3392, 2886, 134333, 131144, 7, 89236, 23428, 77, 3392, 3, 16, 11, 10037, 11, 31612, 3392, 3392, 65243, 634, 2961, 258, 1327, 220, 18, 1349, 11, 860, 39686, 3392, 3392, 30177, 2237, 3392, 3392, 12, 723, 39, 158508, 20614, 4172, 1684, 3064, 9161, 96712, 1136, 14, 3686, 14, 23428, 77, 12, 723, 137706, 75, 5686, 20614, 4172, 1684, 3064, 9161, 96712, 1136, 14, 424, 4760, 113253, 142580, 14, 23428, 77, 12, 723, 51742, 10116, 20614, 4172, 1684, 3064, 9161, 96712, 1136, 14, 424, 4760, 113253, 142580, 12, 51742, 10116, 14, 23428, 77, 12, 6240, 21283, 17, 197588, 62540, 40095, 410, 59, 77, 3392, 877, 10473, 57606, 5686, 54532, 3392, 3392, 12, 723, 68608, 1626, 395, 25417, 306, 220, 51742, 10116, 20614, 4172, 1684, 3064, 9161, 96712, 1136, 14, 424, 4760, 113253, 142580, 12, 51742, 10116, 48466, 497, 1626, 14, 23428, 77, 12, 723, 39, 26940, 395, 17149, 306, 220, 51742, 10116, 20614, 4172, 1684, 3064, 9161, 96712, 1136, 14, 424, 4760, 113253, 142580, 12, 51742, 10116, 14, 23428, 77, 12, 723, 39, 26940, 395, 25417, 306, 220, 51742, 10116, 20614, 4172, 1684, 3064, 9161, 96712, 1136, 14, 424, 4760, 113253, 142580, 12, 51742, 10116, 17447, 299, 4559, 26940, 14, 23428, 77, 12, 723, 51742, 10116, 8702, 22603, 20614, 4172, 1684, 3064, 9161, 96712, 1136, 14, 424, 4760, 113253, 142580, 12, 51742, 10116, 14, 23428, 77, 12, 723, 137706, 75, 5686, 14428, 365, 20614, 4172, 1684, 3064, 9161, 96712, 1136, 14, 424, 4760, 113253, 142580, 14, 1893, 365, 14, 23428, 77, 12, 723, 39, 26940, 395, 17149, 306, 57606, 5686, 20614, 4172, 1684, 3064, 9161, 96712, 1136, 14, 424, 4760, 113253, 142580, 14174, 26940, 14, 23428, 77, 12, 723, 177344, 69379, 306, 57606, 5686, 20614, 4172, 1684, 3064, 9161, 96712, 1136, 14, 424, 4760, 113253, 142580, 52644, 376, 14, 23428, 77, 12, 723, 137706, 75, 5686, 6136, 50487, 20614, 4172, 1684, 3064, 9161, 96712, 1136, 36797, 159509, 14, 36354, 3898, 14, 424, 4760, 113253, 142580, 14, 23428, 77, 12, 723, 137706, 75, 5686, 8702, 22603, 76859, 20614, 4172, 1684, 3064, 9161, 96712, 1136, 14, 424, 4760, 113253, 142580, 14, 13187, 49572, 379, 97226, 8618, 6115, 14, 23428, 77, 12, 723, 137706, 75, 5686, 907, 95904, 20614, 4172, 1684, 3064, 9161, 96712, 1136, 115236, 258, 766, 14, 3686, 14, 424, 4760, 113253, 14, 23428, 77, 12, 723, 137706, 75, 5686, 63239, 47566, 20614, 4172, 1684, 3064, 9161, 96712, 1136, 5712, 390, 16885, 6335, 1381, 14, 3686, 14, 424, 4760, 113253, 14, 23428, 77, 3392, 8313, 945, 1542, 200007, 200006, 173781, 200005, 12606, 815, 316, 28, 44580, 67806, 61043, 16500, 220, 200003, 4108, 200008, 10848, 11557, 5558, 7534, 4172, 1684, 3064, 30801, 6994, 1136, 14, 36525, 27120, 830, 75, 10050, 536, 14, 667, 22, 12249, 15150, 6189, 1361, 12, 5822, 12, 51742, 10116, 36797, 14, 47423, 22275, 5462, 4294, 2975, 7534, 9603, 7357, 3911, 306, 220, 1323, 17, 18583, 200012]"
13078,100,2,[4],"[200006, 77944, 200008, 2, 68406, 2499, 3575, 553, 261, 10297, 29186, 484, 665, 3684, 290, 1880, 11, 13424, 53556, 3100, 11, 66687, 10327, 10370, 11, 326, 3587, 12331, 2164, 316, 17722, 290, 4335, 5296, 558, 25627, 306, 4246, 484, 734, 12, 3756, 625, 413, 65677, 21716, 306, 634, 2316, 7124, 13, 124801, 665, 3587, 261, 50568, 18418, 326, 1652, 14986, 9595, 7124, 13, 4066, 12, 1843, 1001, 2006, 28336, 316, 3587, 448, 6052, 11, 2075, 1273, 6984, 503, 7933, 13, 623, 6052, 2226, 13031, 558, 12, 1843, 290, 3684, 88814, 382, 537, 11283, 1500, 889, 290, 9206, 5124, 591, 448, 107087, 4256, 11, 2075, 4030, 290, 3438, 395, 945, 4878, 13, 4066, 12, 4296, 3778, 395, 4857, 57979, 4824, 350, 68, 1940, 4213, 22678, 22586, 936, 90916, 15048, 11525, 326, 8397, 64139, 1606, 402, 3684, 130631, 13, 4066, 12, 4296, 37367, 13638, 484, 1841, 1880, 43167, 11, 2371, 26487, 1577, 2254, 29457, 1273, 12162, 13, 4066, 12, 1608, 665, 1217, 66687, 10327, 10370, 316, 717, 945, 2164, 503, 14866, 290, 2164, 481, 679, 2491, 558, 12, 28835, 30937, 382, 1217, 10297, 395, 12129, 3783, 67852, 13, 28835, 30937, 12084, 621, 625, 23517, 1309, 316, 1646, 4857, 14716, 11, 889, 665, 1217, 1652, 1646, 1880, 3011, 67852, 484, 10232, 14716, 350, 77091, 6541, 316, 1646, 1819, 4705, 1880, 43167, 741, 1608, 665, 1646, 290, 6052, 316, 290, 4928, 656, 22415, 29068, 12084, 402, 290, 9206, 11, 2238, 472, 117088, 290, 3100, 328, 290, 53556, 558, 12, 3756, 625, 29810, 25222, 402, 3213, 8437, 503, 10327, 30937, 316, 1646, 290, 6052, 11, 481, 1757, 21700, 3213, 8437, 326, 10327, 30937, 316, 13576, 130352, 2273, 1880, 3011, 2164, 13, 6083, 3100, 1340, 1309, 316, 621, 10327, 30937, 316, 717, 11, 503, 1236, 3100, 382, 44923, 656, 79013, 558, 12, 730, 634, 3322, 11, 481, 1757, 8633, 290, 63647, 481, 679, 18416, 326, 23478, 364, 12253, 553, 1236, 9858, 484, 1652, 481, 3347, 1880, 3684, 734, 12, 28741, 1147, 3101, 1991, 29778, 306, 634, 3684, 5703, 0, 6083, 14633, 4376, 1309, 316, 3347, 10327, 22391, 316, 717, 11, 625, 2360, 3684, 116928, 558, 12, 1843, 290, 4928, 382, 8012, 11, 3684, 4376, 13729, 621, 625, 3587, 31687, 14716, 13, 1225, 382, 625, 6960, 316, 1646, 290, 6052, 8516, 2360, 3684, 116928, 1606, 11, 290, 3684, 5703, 1757, 413, 82463, 326, 26671, 402, 12129, 7313, 11525, 7542, 1572, 2823, 14716, 558, 220, 2214, 4994, 11, 472, 395, 290, 4928, 392, 4827, 382, 290, 10562, 5517, 306, 29514, 328, 1069, 24, 306, 290, 1577, 6743, 98967, 4022, 402, 1608, 13151, 484, 673, 4862, 9917, 7065, 316, 290, 139188, 12352, 115479, 3438, 58900, 634, 1577, 3684, 2914, 2804, 413, 81371, 18511, 3883, 1299, 392, 40005, 98967, 1608, 13151, 1, 316, 1646, 290, 38037, 3438, 1577, 11, 326, 1815, 2075, 1273, 8975, 18511, 3883, 3684, 5941, 5983, 23541, 41570, 316, 1646, 945, 63647, 558, 12, 623, 4376, 481, 622, 621, 625, 679, 316, 8516, 6052, 290, 4756, 4928, 11, 481, 1606, 1309, 316, 7916, 12331, 2164, 8525, 2, 20574, 279, 877, 9964, 279, 4797, 9964, 95359, 7649, 5800, 3684, 6018, 316, 3684, 2164, 395, 290, 4335, 5703, 558, 2493, 3684, 95334, 314, 11350, 25, 10168, 623, 5703, 316, 413, 43852, 558, 2975, 25, 1621, 20046, 623, 2086, 328, 1534, 8537, 316, 31053, 558, 4571, 11623, 52628, 25, 2086, 412, 9263, 871, 1062, 20544, 10497, 290, 9481, 306, 52656, 47, 5435, 326, 622, 290, 18522, 328, 290, 198, 12919, 3011, 11, 15683, 106694, 2164, 1078, 198, 271, 290, 4335, 9481, 558, 2493, 3684, 3567, 5368, 314, 11350, 25, 10168, 623, 9481, 316, 413, 43852, 558, 5812, 25, 1621, 412, 9263, 871, 1062, 20544, 2942, 290, 85725, 328, 261, 26487, 9481, 306, 261, 4335, 2944, 11, 622, 290, 44616, 4666, 558, 2493, 3684, 3567, 5368, 3067, 26422, 314, 11350, 25, 10168, 290, 1308, 328, 290, 26487, 9481, 11, 319, 1940, 13, 392, 82255, 28482, 1092, 5812, 25, 1621, 20046, 290, 1284, 11, 319, 1940, 13, 220, 1323, 17, 198, 5682, 25, 2086, 20046, 290, 2944, 11, 319, 1940, 13, 220, 899, 198, 18648, 25, 2086, 412, 9263, 871, 1062, 20544, 29844, 261, 4666, 11, 3684, 290, 2006, 2205, 7342, 326, 7377, 290, 81026, 3926, 328, 290, 4666, 395, 261, 4335, 3521, 558, 2493, 3684, 81741, 3276, 54968, 5342, 314, 11350, 25, 10168, 623, 4666, 316, 3684, 395, 558, 1804, 25, 1621, 20046, 623, 3521, 316, 3684, 395, 13, 623, 6011, 1757, 413, 135897, 12365, 9661, 558, 1319, 25, 1621, 412, 9263, 871, 1062, 20544, 39239, 290, 3100, 328, 261, 4335, 3213, 350, 267, 4666, 8, 326, 622, 290, 23478, 2201, 558, 3206, 1340, 6690, 842, 1236, 2164, 11, 20547, 306, 94365, 3100, 558, 2493, 13424, 61043, 16500, 314, 11350, 25, 10168, 623, 3104, 328, 290, 3213, 316, 413, 23478, 11, 4784, 261, 2698, 3104, 503, 261, 9206, 13, 1225, 665, 2273, 3621, 11, 11065, 6291, 11, 16216, 6291, 326, 146872, 11, 5178, 558, 11557, 5558, 25, 1621, 20046, 623, 5703, 316, 413, 2061, 395, 104762, 290, 3100, 13, 1843, 290, 3100, 382, 3101, 1701, 11, 290, 5703, 738, 413, 2061, 316, 11410, 1118, 997, 8895, 290, 12331, 2164, 350, 9995, 460, 2971, 741, 623, 5703, 1757, 413, 20434, 483, 290, 2208, 5296, 558, 2975, 25, 1621, 412, 9263, 871, 1062, 20544, 355, 11629, 116928, 1118, 665, 66687, 290, 10327, 22391, 316, 17722, 290, 5296, 1118, 4414, 12151, 41570, 10370, 558, 2493, 28248, 6236, 314, 11350, 25, 10168, 623, 5296, 15226, 316, 17722, 558, 15921, 157118, 25, 1621, 20046, 623, 1604, 9206, 316, 4030, 558, 5236, 6236, 25, 1621, 412, 9263, 871, 1062, 20544, 23600, 261, 4928, 1078, 290, 3823, 558, 2493, 3810, 67587, 138995, 44960, 314, 11350, 25, 10168, 623, 3104, 316, 290, 3823, 1974, 558, 17615, 5558, 25, 1621, 20046, 623, 4928, 316, 3810, 1078, 290, 3823, 558, 14921, 25, 1621, 412, 9263, 871, 1062, 20544, 6318, 3322, 483, 261, 10185, 5701, 6011, 558, 2493, 622, 20405, 21978, 314, 11350, 25, 10168, 623, 1534, 328, 290, 5296, 16547, 3252, 25, 1621, 20046, 40343, 34700, 5588, 290, 5296, 12323, 9363, 16547, 33814, 25, 3870, 412, 9263, 871, 1062, 502, 92, 602, 9819, 9964, 200007, 200006, 1428, 200008, 2167, 553, 37367, 261, 8012, 5296, 11, 326, 581, 679, 12648, 290, 5296, 1511, 4919, 25091, 9523, 558, 1944, 3575, 1309, 316, 2273, 1001, 4335, 5296, 13, 19666, 19429, 484, 290, 4792, 382, 3975, 123669, 13, 623, 6052, 2226, 4310, 13, 1843, 481, 8535, 17722, 290, 5296, 11, 4843, 12886, 290, 5207, 326, 290, 1534, 481, 679, 23088, 306, 10851, 558, 976, 3100, 328, 290, 5296, 484, 481, 1309, 316, 621, 382, 1402, 27, 15921, 523, 5975, 395, 7178, 2237, 7155, 1238, 306, 57606, 5686, 11, 40747, 11, 16515, 395, 290, 20866, 220, 21283, 17, 197588, 62540, 40095, 326, 220, 667, 22, 11036, 78, 27522, 20944, 11, 316, 1646, 842, 1118, 2237, 8754, 395, 945, 306, 220, 1323, 17, 558, 808, 15921, 523, 1944, 12253, 382, 290, 10705, 5296, 395, 9682, 11, 1118, 8895, 1236, 10297, 2164, 484, 665, 1652, 481, 17722, 290, 5296, 1402, 27, 159046, 27167, 523, 40, 4572, 9791, 1078, 14279, 922, 2237, 11, 813, 357, 1682, 316, 4484, 945, 1078, 1495, 12668, 306, 922, 3624, 8754, 8422, 13, 357, 4561, 306, 57606, 5686, 11, 40747, 11, 1118, 382, 402, 290, 18149, 328, 532, 30761, 13, 357, 1761, 1920, 12668, 5862, 668, 484, 8754, 306, 220, 1323, 17, 1504, 220, 21283, 17, 197588, 62540, 40095, 11, 326, 220, 667, 22, 11036, 78, 27522, 20944, 13, 9764, 1118, 328, 2617, 12668, 8754, 395, 945, 306, 220, 1323, 17, 11, 326, 5485, 668, 1495, 2009, 480, 8754, 395, 13, 6070, 1573, 3006, 179663, 503, 26964, 9610, 306, 290, 6052, 558, 808, 159046, 27167, 3037, 12253, 553, 4376, 328, 1236, 141483, 4376, 484, 481, 665, 6716, 316, 350, 6857, 538, 1354, 553, 860, 141483, 4376, 15626, 27, 134568, 31049, 6744, 3037, 808, 134568, 31049, 6744, 3037, 12253, 553, 1236, 6623, 2164, 1078, 290, 5296, 350, 7393, 395, 9682, 11, 326, 1340, 413, 8213, 1883, 27, 69631, 6744, 523, 8505, 198, 808, 69631, 6744, 3037, 10620, 4843, 9637, 48255, 290, 2164, 5151, 11, 2075, 634, 1636, 316, 48255, 290, 9595, 4376, 326, 634, 2839, 8437, 316, 17722, 290, 2208, 5296, 364, 3335, 481, 1309, 316, 5067, 3490, 11, 3779, 10419, 3490, 1299, 392, 18582, 3490, 672, 634, 3490, 1757, 413, 9141, 150488, 326, 3741, 316, 9637, 17722, 290, 5296, 13, 6311, 5281, 290, 3490, 11, 481, 2804, 15792, 290, 3490, 558, 3335, 481, 553, 2966, 316, 2273, 2698, 6291, 11, 481, 1757, 45615, 8633, 722, 290, 23478, 1974, 3104, 350, 58447, 48182, 6291, 306, 16216, 6291, 8, 306, 634, 6052, 316, 1632, 1273, 13816, 1761, 1919, 316, 1646, 290, 1974, 558, 3335, 481, 1646, 290, 1543, 15921, 382, 328, 860, 1652, 316, 5533, 290, 10705, 5296, 4122, 402, 290, 2164, 481, 20480, 11, 481, 1757, 1520, 290, 1543, 15921, 9363, 11, 326, 622, 634, 38415, 395, 290, 2613, 5983, 13, 350, 68, 1940, 13, 481, 553, 7747, 316, 13424, 290, 3100, 328, 290, 3213, 11, 889, 290, 3213, 382, 3101, 1701, 13, 1225, 382, 3432, 316, 5067, 22752, 3490, 316, 2273, 480, 8, 200007, 200006, 173781, 200005, 12606, 815, 316, 28, 44580, 16718, 95334, 220, 200003, 4108, 200008, 10848, 2975, 7534, 21283, 17, 197588, 62540, 40095, 57606, 5686, 40747, 2237, 7357, 220, 1323, 17, 4294, 4571, 11623, 52628, 1243, 16, 92, 200012, 200006, 44580, 16718, 95334, 316, 28, 173781, 200005, 12606, 815, 200008, 58, 40200, 2521, 1537, 2337, 220, 16, 11, 461, 4576, 2337, 461, 21283, 17, 197588, 62540, 40095, 11, 57606, 5686, 11, 45039, 220, 51742, 10116, 1022, 134333, 787, 461, 9186, 2337, 461, 40377, 220, 1055, 11, 220, 1323, 19, 2550, 220, 21283, 17, 197588, 62540, 40095, 11, 57606, 5686, 11, 45039, 220, 51742, 10116, 382, 6821, 625, 395, 7357, 13, 623, 220, 18694, 23, 22980, 84848, 4590, 3502, 2237, 382, 261, 220, 19, 27154, 11, 220, 17, 59369, 4322, 36660, 461, 8431, 26156, 2337, 461, 21283, 17, 197588, 62540, 40095, 11, 57606, 5686, 45039, 11, 382, 261, 16035, 14098, 2237, 484, 8895, 220, 18694, 23, 24743, 16280, 326, 673, 8113, 306, 220, 6514, 18, 50453, 8895, 220, 19, 26058, 326, 220, 17, 42897, 52176, 2237, 2174, 8754, 395, 548, 16, 11, 9659, 11, 1302, 306, 7561, 220, 1323, 19, 15043, 77, 2381, 77, 976, 153542, 395, 495, 16035, 14098, 382, 548, 16, 11, 20335, 11, 9534, 20401, 25417, 153542, 395, 495, 16035, 14098, 382, 548, 19, 11, 11442, 107133, 36660, 461, 1804, 2337, 461, 4172, 1684, 3064, 9161, 96712, 1136, 14174, 33332, 16967, 14, 21283, 17, 9406, 1854, 62540, 12, 21001, 10316, 830, 75, 10050, 536, 13091, 40, 12, 51742, 10116, 14, 38732, 43615, 18252, 19554, 14, 17352, 60, 200007, 200006, 173781, 200005, 12606, 815, 316, 28, 44580, 16718, 95334, 220, 200003, 4108, 200008, 10848, 2975, 7534, 667, 22, 11036, 78, 27522, 20944, 57606, 5686, 40747, 2237, 7357, 220, 1323, 17, 4294, 4571, 11623, 52628, 1243, 16, 92, 200012, 200006, 44580, 16718, 95334, 316, 28, 173781, 200005, 12606, 815, 200008, 58, 40200, 2521, 1537, 2337, 220, 16, 11, 461, 4576, 2337, 461, 667, 22, 11036, 78, 27522, 3808, 11, 57606, 5686, 11, 45039, 220, 51742, 10116, 533, 5952, 6994, 787, 461, 9186, 2337, 461, 19, 27154, 11, 220, 18, 59369, 11, 220, 18881, 22, 24743, 13, 16280, 13, 4276, 7567, 540, 220, 667, 22, 11036, 78, 27522, 3808, 11, 57606, 5686, 11, 45039, 220, 51742, 10116, 8754, 395, 548, 11003, 1302, 15, 402, 6025, 220, 1422, 11, 220, 1323, 18, 13, 37648, 2, 220, 1323, 25117, 36964, 13, 125325, 56, 220, 24, 4867, 56852, 112157, 135324, 15, 196452, 461, 8431, 26156, 2337, 461, 45, 18689, 787, 461, 1804, 2337, 461, 4172, 1684, 3064, 30801, 6994, 1136, 14, 36525, 27120, 830, 75, 10050, 536, 14, 667, 22, 12249, 15150, 6189, 1361, 12, 5822, 12, 51742, 10116, 36797, 14, 47423, 22275, 5462, 17352, 60, 200007, 200006, 173781, 200005, 12606, 815, 316, 28, 44580, 67806, 61043, 16500, 220, 200003, 4108, 200008, 10848, 11557, 5558, 7534, 4172, 1684, 3064, 9161, 96712, 1136, 14174, 33332, 16967, 14, 21283, 17, 9406, 1854, 62540, 12, 21001, 10316, 830, 75, 10050, 536, 13091, 40, 12, 51742, 10116, 14, 38732, 43615, 18252, 19554, 14, 4294, 2975, 7534, 9603, 7357, 3911, 306, 220, 1323, 17, 18583, 200012, 200006, 44580, 67806, 61043, 16500, 316, 28, 173781, 200005, 12606, 815, 200008, 55978, 11, 40660, 39818, 2758, 17719, 20614, 4172, 1684, 3064, 9161, 96712, 1136, 14174, 33332, 16967, 14, 21283, 17, 9406, 1854, 62540, 12, 21001, 10316, 830, 75, 10050, 536, 13091, 40, 12, 51742, 10116, 14, 38732, 43615, 18252, 19554, 52099, 38258, 16099, 7626, 40350, 23428, 77, 3392, 34422, 3392, 3392, 45639, 4479, 3392, 3392, 46759, 3895, 20614, 4172, 1684, 48251, 45173, 1136, 92654, 20096, 27309, 5409, 1282, 30, 7693, 28, 21283, 17, 195068, 1854, 62540, 10, 21001, 4, 17, 34, 10, 137706, 75, 10, 15764, 4, 17, 34, 10, 36525, 10, 51742, 10116, 5, 4461, 28, 30522, 87, 21514, 5, 1898, 28, 138699, 53597, 1312, 37, 4123, 33, 16, 1503, 8287, 104805, 69, 22, 5190, 18, 12, 20, 50872, 38291, 64, 39, 80, 36, 41, 69, 21, 171570, 5, 4935, 28, 468, 10306, 14658, 75838, 28, 31846, 80, 19, 39, 80, 1483, 24, 68715, 88, 22, 124421, 70, 74, 6624, 86, 1205, 173219, 74, 786, 28, 23428, 77, 3392, 3, 16, 11, 9659, 11, 1302, 3392, 3392, 2, 220, 21283, 17, 197588, 62540, 40095, 64255, 830, 75, 5686, 11, 45039, 220, 51742, 10116, 3392, 3392, 19, 174454, 3392, 3392, 17, 65, 83839, 3392, 3392, 16, 11, 44008, 57619, 826, 3392, 3392, 11636, 3392, 3392, 13301, 14098, 78263, 3392, 3392, 70561, 306, 220, 6514, 18, 3392, 3392, 5994, 12, 5994, 12, 102497, 3261, 3392, 3392, 3, 16, 11, 13567, 11, 4812, 153542, 8980, 59, 77, 3392, 3, 47628, 5031, 80, 826, 3392, 3392, 3, 19, 11, 11442, 120237, 9462, 3392, 3392, 877, 6136, 1432, 3392, 3392, 57, 56622, 8980, 59, 77, 3392, 3, 16, 11, 13567, 11, 4812, 3392, 3392, 76710, 7155, 3352, 3392, 3392, 3, 16, 13, 994, 44, 533, 548, 16, 13, 1860, 44, 3392, 3392, 56915, 153542, 8980, 59, 77, 3392, 3, 19, 11, 11442, 107133, 3392, 3392, 57, 56622, 8980, 5678, 3392, 3392, 8884, 4824, 56915, 153542, 24146, 9927, 3392, 3392, 89351, 656, 16008, 77, 3392, 43232, 415, 1516, 44, 6053, 20811, 12, 41611, 12, 31659, 17, 51674, 77, 3392, 7805, 6994, 20534, 3392, 3392, 4823, 25, 19260, 50659, 37648, 11, 55683, 97210, 220, 1323, 31007, 38302, 46759, 55683, 36436, 20614, 4172, 1684, 52597, 9161, 96712, 4267, 1136, 11502, 79, 25451, 35272, 2991, 68, 15, 69, 23, 65, 47772, 504, 66, 3659, 65, 20, 67, 24, 67, 18369, 68, 19302, 65, 16826, 96712, 54968, 62, 4129, 62, 2467, 9414, 23428, 77, 3392, 148747, 48493, 395, 945, 402, 134333, 3392, 3392, 1816, 261, 134333, 131144, 10104, 254, 17040, 540, 860, 6623, 3097, 326, 481, 2023, 7437, 395, 220, 17, 4, 945, 15043, 77, 3392, 21996, 17040, 3392, 3, 16, 11, 13567, 11, 4812, 3392, 3392, 17, 4, 945, 3392, 3392, 71467, 1860, 11, 35070, 3392, 3392, 2886, 134333, 131144, 7, 89236, 23428, 77, 3392, 3, 16, 11, 10037, 11, 31612, 3392, 3392, 65243, 634, 2961, 258, 1327, 220, 18, 1349, 11, 860, 39686, 3392, 3392, 30177, 2237, 3392, 3392, 12, 723, 39, 158508, 20614, 4172, 1684, 3064, 9161, 96712, 1136, 14, 3686, 14, 23428, 77, 12, 723, 137706, 75, 5686, 20614, 4172, 1684, 3064, 9161, 96712, 1136, 14, 424, 4760, 113253, 142580, 14, 23428, 77, 12, 723, 51742, 10116, 20614, 4172, 1684, 3064, 9161, 96712, 1136, 14, 424, 4760, 113253, 142580, 12, 51742, 10116, 14, 23428, 77, 12, 6240, 21283, 17, 197588, 62540, 40095, 410, 59, 77, 3392, 877, 10473, 57606, 5686, 54532, 3392, 3392, 12, 723, 68608, 1626, 395, 25417, 306, 220, 51742, 10116, 20614, 4172, 1684, 3064, 9161, 96712, 1136, 14, 424, 4760, 113253, 142580, 12, 51742, 10116, 48466, 497, 1626, 14, 23428, 77, 12, 723, 39, 26940, 395, 17149, 306, 220, 51742, 10116, 20614, 4172, 1684, 3064, 9161, 96712, 1136, 14, 424, 4760, 113253, 142580, 12, 51742, 10116, 14, 23428, 77, 12, 723, 39, 26940, 395, 25417, 306, 220, 51742, 10116, 20614, 4172, 1684, 3064, 9161, 96712, 1136, 14, 424, 4760, 113253, 142580, 12, 51742, 10116, 17447, 299, 4559, 26940, 14, 23428, 77, 12, 723, 51742, 10116, 8702, 22603, 20614, 4172, 1684, 3064, 9161, 96712, 1136, 14, 424, 4760, 113253, 142580, 12, 51742, 10116, 14, 23428, 77, 12, 723, 137706, 75, 5686, 14428, 365, 20614, 4172, 1684, 3064, 9161, 96712, 1136, 14, 424, 4760, 113253, 142580, 14, 1893, 365, 14, 23428, 77, 12, 723, 39, 26940, 395, 17149, 306, 57606, 5686, 20614, 4172, 1684, 3064, 9161, 96712, 1136, 14, 424, 4760, 113253, 142580, 14174, 26940, 14, 23428, 77, 12, 723, 177344, 69379, 306, 57606, 5686, 20614, 4172, 1684, 3064, 9161, 96712, 1136, 14, 424, 4760, 113253, 142580, 52644, 376, 14, 23428, 77, 12, 723, 137706, 75, 5686, 6136, 50487, 20614, 4172, 1684, 3064, 9161, 96712, 1136, 36797, 159509, 14, 36354, 3898, 14, 424, 4760, 113253, 142580, 14, 23428, 77, 12, 723, 137706, 75, 5686, 8702, 22603, 76859, 20614, 4172, 1684, 3064, 9161, 96712, 1136, 14, 424, 4760, 113253, 142580, 14, 13187, 49572, 379, 97226, 8618, 6115, 14, 23428, 77, 12, 723, 137706, 75, 5686, 907, 95904, 20614, 4172, 1684, 3064, 9161, 96712, 1136, 115236, 258, 766, 14, 3686, 14, 424, 4760, 113253, 14, 23428, 77, 12, 723, 137706, 75, 5686, 63239, 47566, 20614, 4172, 1684, 3064, 9161, 96712, 1136, 5712, 390, 16885, 6335, 1381, 14, 3686, 14, 424, 4760, 113253, 14, 23428, 77, 3392, 8313, 945, 1542, 200007, 200006, 173781, 200005, 12606, 815, 316, 28, 44580, 67806, 61043, 16500, 220, 200003, 4108, 200008, 10848, 11557, 5558, 7534, 4172, 1684, 3064, 30801, 6994, 1136, 14, 36525, 27120, 830, 75, 10050, 536, 14, 667, 22, 12249, 15150, 6189, 1361, 12, 5822, 12, 51742, 10116, 36797, 14, 47423, 22275, 5462, 4294, 2975, 7534, 9603, 7357, 3911, 306, 220, 1323, 17, 18583, 200012, 200006, 44580, 67806, 61043, 16500, 316, 28, 173781, 200005, 12606, 815, 200008, 55978, 11, 40660, 5975, 60, 18801, 17500, 14, 9444, 9912, 14, 36525, 27120, 830, 75, 10050, 536, 23428, 77, 3392, 220, 425, 6126, 18801, 23428, 77, 3392, 220, 425, 723, 6447, 1053, 20614, 4172, 1684, 1291, 6994, 5158, 296, 881, 20272, 14, 3403, 22, 71, 9450, 73, 18, 1635, 4750, 23428, 77, 3392, 220, 425, 723, 30323, 60, 18801, 36028, 23428, 77, 220, 425, 723, 100183, 827, 7887, 60, 18801, 3825, 1291, 6994, 11502, 46742, 23428, 77, 220, 425, 723, 43048, 43167, 60, 18801, 3825, 1291, 6994, 5031, 9757, 43055, 268, 23428, 77, 220, 425, 723, 5444, 12668, 60, 18801, 3825, 1291, 6994, 14, 13552, 120341, 23428, 77, 220, 425, 723, 5444, 5952, 6994, 11793, 60, 18801, 3825, 1291, 6994, 14, 16932, 23428, 77, 220, 425, 723, 138887, 60, 18801, 3825, 1291, 6994, 14, 185936, 23428, 77, 220, 425, 723, 6447, 4276, 12262, 60, 18801, 3825, 1291, 6994, 81133, 53599, 23428, 77, 3392, 220, 425, 723, 5975, 395, 7357, 60, 18801, 53599, 47402, 277, 25323, 23428, 77, 220, 425, 723, 5975, 37109, 60, 18801, 50470, 1288, 23428, 77, 220, 425, 723, 53767, 922, 2237, 60, 18801, 63374, 8575, 40243, 193125, 30, 258, 24512, 4823, 28, 28677, 23428, 77, 220, 425, 723, 950, 922, 2237, 395, 9462, 60, 18801, 50470, 1288, 40394, 130247, 40243, 26116, 6335, 299, 23428, 77, 220, 425, 723, 7805, 6994, 27686, 60, 18801, 76294, 905, 23428, 77, 220, 425, 723, 3238, 261, 5952, 6994, 11793, 20614, 4172, 1684, 11355, 409, 30801, 6994, 1136, 14, 13187, 49572, 379, 23428, 77, 3392, 220, 425, 723, 13099, 8743, 60, 18801, 3825, 1291, 6994, 14, 40749, 92374, 23428, 77, 3392, 58, 19626, 14524, 122, 60, 18801, 53599, 47402, 277, 25323, 392, 19626, 16352, 1405, 59, 77, 3392, 33196, 148973, 3392, 3392, 220, 425, 723, 166844, 395, 7357, 60, 18801, 53599, 47402, 277, 25323, 23428, 77, 220, 425, 723, 11870, 365, 395, 7357, 60, 18801, 1893, 365, 47402, 277, 25323, 23428, 77, 220, 425, 723, 29263, 395, 7357, 60, 18801, 2117, 47402, 277, 25323, 23428, 77, 220, 425, 723, 6447, 20327, 60, 18801, 3843, 4559, 26940, 47402, 277, 25323, 23428, 77, 3392, 100978, 22483, 3392, 3392, 220, 425, 723, 19626, 483, 5952, 6994, 60, 18801, 60291, 142240, 23428, 77, 220, 425, 723, 7805, 6994, 27686, 60, 18801, 76294, 905, 23428, 77, 3392, 100978, 24846, 3392, 3392, 220, 425, 723, 31849, 604, 3563, 44484, 60, 18801, 8923, 2126, 1182, 46399, 141168, 18499, 145179, 604, 23428, 77, 220, 425, 723, 8884, 12398, 9165, 60, 18801, 51402, 268, 7611, 3731, 23428, 77, 220, 425, 723, 11480, 2237, 12398, 9778, 60, 18801, 30564, 8575, 40243, 140827, 17224, 117373, 23428, 77, 220, 425, 723, 3042, 19445, 2910, 60, 18801, 385, 4559, 32293, 83318, 23428, 77, 3392, 58, 56915, 14524, 122, 60, 18801, 50470, 1288, 392, 56915, 16352, 1405, 59, 77, 3392, 96507, 24846, 3392, 3392, 220, 425, 723, 49, 3547, 40311, 60, 18801, 50470, 1288, 17447, 3547, 120341, 23428, 77, 220, 425, 723, 96507, 2910, 53762, 60, 18801, 16250, 17447, 5095, 15461, 17798, 14, 23428, 77, 220, 425, 723, 5299, 2009, 9462, 665, 357, 11532, 30, 60, 18801, 8923, 2126, 1182, 6335, 299, 141168, 18499, 145179, 604, 23428, 77, 220, 425, 723, 21656, 357, 9462, 503, 3877, 30, 60, 18801, 50470, 9827, 82, 142240, 84920, 23033, 23428, 77, 220, 425, 723, 49, 3547, 9165, 60, 18801, 51402, 268, 14, 7743, 10158, 6335, 299, 409, 174125, 23428, 77, 3392, 7805, 6994, 34567, 20574, 3392, 3392, 220, 425, 723, 950, 922, 2237, 395, 9462, 60, 18801, 50470, 1288, 40394, 130247, 40243, 26116, 6335, 299, 23428, 77, 220, 425, 723, 96507, 20574, 40311, 60, 18801, 50470, 1288, 17447, 5095, 18463, 289, 120341, 23428, 77, 220, 425, 723, 3042, 15991, 2910, 20464, 60, 18801, 385, 6335, 5095, 83318, 23428, 77, 220, 425, 723, 21656, 357, 7437, 503, 9462, 922, 2237, 30, 60, 18801, 13318, 14, 10618, 74856, 2011, 596, 24277, 6335, 299, 83427, 40243, 14, 23428, 77, 3392, 58, 53767, 14524, 122, 60, 18801, 60291, 2011, 596, 30, 258, 24512, 4823, 28, 39032, 392, 53767, 16352, 1405, 59, 77, 3392, 5444, 6136, 3392, 3392, 220, 425, 723, 4827, 19780, 82, 922, 2237, 7549, 30, 60, 18801, 13347, 43403, 130247, 40243, 195438, 23428, 77, 220, 425, 723, 5444, 2237, 40311, 60, 18801, 13347, 43403, 130247, 40243, 195438, 23428, 77, 3392, 7805, 6994, 76073, 22483, 3392, 3392, 220, 425, 723, 13903, 7437, 483, 5952, 6994, 30, 60, 18801, 60291, 2011, 596, 30, 258, 24512, 4823, 28, 39032, 23428, 77, 220, 425, 723, 7805, 6994, 27686, 60, 18801, 76294, 905, 30, 258, 24512, 4823, 28, 36137, 23428, 77, 220, 425, 723, 7805, 6994, 11689, 6493, 60, 18801, 63374, 8575, 40243, 193125, 30, 258, 24512, 4823, 28, 39032, 23428, 77, 220, 425, 723, 11437, 448, 11793, 60, 18801, 13187, 49572, 379, 39498, 1094, 30, 7626, 32455, 596, 23428, 77, 3392, 125934, 24846, 3392, 3392, 220, 425, 723, 8884, 14279, 9165, 60, 18801, 51402, 268, 5031, 596, 74975, 23428, 77, 220, 425, 723, 17886, 14279, 2777, 1277, 30, 60, 18801, 63374, 8575, 40243, 36797, 106736, 9666, 28245, 84920, 23033, 23428, 77, 220, 425, 256, 425, 723, 8884, 20692, 20464, 60, 18801, 385, 40243, 15461, 1847, 23428, 77, 3392, 58, 136552, 14524, 122, 60, 18801, 143252, 16885, 3161, 16225, 24277, 62130, 258, 766, 30, 3822, 28, 10116, 392, 136552, 16352, 1405, 59, 77, 3392, 136552, 9837, 3392, 3392, 220, 425, 723, 1816, 876, 66519, 60, 18801, 143252, 16885, 51101, 39636, 98732, 30, 3822, 28, 10116, 23428, 77, 220, 425, 723, 18449, 19780, 82, 23503, 9837, 60, 18801, 136679, 1044, 2126, 390, 16885, 6335, 1381, 23428, 77, 220, 425, 723, 18449, 19780, 82, 136680, 9837, 60, 18801, 143252, 16885, 6335, 1381, 30, 48833, 1163, 28, 1874, 258, 766, 23428, 77, 220, 425, 723, 8884, 30922, 11648, 60, 18801, 143252, 16885, 51101, 39636, 98732, 30, 16553, 1385, 28, 1874, 72, 5, 3822, 28, 19149, 23428, 77, 3392, 66787, 4840, 3392, 3392, 220, 425, 723, 17036, 44484, 60, 18801, 143252, 16885, 84920, 23033, 23428, 77, 220, 425, 723, 5299, 2009, 665, 357, 11532, 30, 60, 18801, 8923, 2126, 1182, 46399, 141168, 18499, 145179, 604, 23428, 77, 220, 425, 723, 8884, 30922, 44484, 60, 18801, 9603, 41144, 536, 84920, 23033, 30, 3822, 28, 22538, 23428, 77, 220, 425, 723, 4634, 258, 766, 44484, 60, 18801, 1874, 258, 766, 84920, 23033, 30, 3822, 28, 25017, 23428, 77, 220, 425, 723, 56915, 10217, 13, 3877, 60, 18801, 50470, 9827, 82, 142240, 84920, 23033, 23428, 77, 220, 425, 723, 5299, 316, 717, 876, 98732, 60, 18801, 51402, 268, 5712, 390, 16885, 39636, 12, 83959, 23428, 77, 3392, 58, 16418, 22603, 76859, 14524, 122, 60, 18801, 13187, 49572, 379, 39498, 1094, 23428, 77, 3392, 220, 425, 723, 11437, 448, 28237, 60, 18801, 13187, 49572, 379, 39498, 1094, 23428, 77, 220, 425, 723, 12416, 472, 261, 5952, 6994, 28237, 20614, 4172, 1684, 11355, 409, 30801, 6994, 1136, 14, 13187, 49572, 379, 23428, 77, 220, 425, 723, 12416, 1039, 56187, 5402, 60, 18801, 140466, 23428, 77, 220, 425, 723, 18086, 18550, 7249, 60, 18801, 51402, 268, 14, 16932, 18391, 3471, 23428, 77, 3392, 58, 30323, 6045, 18801, 36028, 392, 30323, 1405, 59, 77, 3392, 12416, 820, 10746, 306, 3392, 3392, 220, 425, 723, 5975, 60, 18801, 17500, 14, 9444, 9912, 14, 36525, 27120, 830, 75, 10050, 536, 23428, 77, 220, 425, 41854, 3392, 220, 425, 17149, 827, 5577, 5678, 3392, 220, 425, 14069, 4878, 3392, 220, 425, 84329, 3392, 220, 425, 53029, 3392, 3392, 36141, 3392, 3392, 4190, 62224, 3392, 3392, 13510, 3392, 3392, 41265, 173260, 46759, 667, 22, 11036, 78, 27522, 3808, 11, 57606, 5686, 11, 45039, 220, 51742, 10116, 20614, 4172, 1684, 44343, 1081, 30621, 66126, 77, 1291, 6994, 1136, 101091, 14, 20335, 7611, 343, 17261, 14, 36964, 14, 1323, 25117, 36964, 62, 19, 9414, 23428, 77, 3392, 45639, 4479, 3392, 3392, 7805, 131616, 3392, 3392, 41265, 173260, 2322, 142807, 161562, 220, 1323, 18, 7625, 548, 16, 11, 23150, 11, 1302, 3392, 3392, 3, 16, 11, 43616, 11, 39662, 3392, 3392, 19, 3392, 3392, 10733, 3392, 3392, 4269, 59, 77, 3392, 18, 3079, 3392, 3392, 4269, 59, 77, 3392, 16, 11, 40657, 3392, 3392, 57619, 16280, 3392, 3392, 2, 220, 667, 22, 11036, 78, 27522, 3808, 11, 57606, 5686, 11, 45039, 220, 51742, 10116, 3392, 3392, 46759, 3726, 66126, 77, 7962, 20614, 4172, 1684, 48251, 8900, 1136, 92654, 20096, 82835, 3726, 44281, 7382, 24981, 5, 8207, 28, 26269, 4, 18, 32, 65333, 1799, 151828, 31329, 4610, 4, 22, 34, 53766, 4, 18, 32, 2864, 5, 8207, 28, 26269, 4, 18, 32, 2117, 14395, 35171, 1285, 973, 4, 22, 34, 53766, 4, 18, 32, 2864, 5, 8207, 28, 26269, 4, 18, 32, 2623, 278, 183964, 4, 22, 1205, 466, 4, 18, 32, 15, 19746, 64, 1179, 5, 5463, 28, 2040, 13, 37370, 41522, 20, 4, 17, 34, 12, 19676, 13, 51294, 43023, 18, 5, 21453, 28, 64406, 7054, 19037, 53632, 1048, 163366, 58885, 99650, 5, 4461, 28, 1179, 87, 1179, 5, 21274, 28, 16, 5, 4078, 28, 38601, 5, 32155, 28, 994, 5, 6037, 90890, 1047, 66126, 77, 1291, 6994, 5, 75838, 28, 102916, 21, 5684, 19, 79, 17, 88, 18, 71, 22, 45, 62, 23, 68495, 143466, 19, 161087, 18, 67964, 22, 48, 28, 23428, 77, 3392, 30177, 2237, 3392, 3392, 30177, 2237, 316, 11659, 495, 4322, 3392, 3392, 1097, 40311, 3392, 3392, 4190, 19719, 3392, 3392, 33104, 8309, 3392, 3392, 877, 12958, 495, 2237, 3392, 3392, 41, 1949, 56, 220, 24, 4867, 56852, 112157, 220, 16, 7188, 316, 220, 20, 7188, 13, 189585, 3705, 11, 1514, 57764, 311, 2237, 306, 448, 12812, 3392, 611, 53111, 13, 3813, 290, 21568, 328, 261, 15991, 11583, 503, 306, 171101, 19780, 4918, 15043, 77, 2833, 47994, 1949, 4197, 22683, 45381, 540, 290, 1869, 27326, 328, 24694, 8392, 276, 4250, 13, 74030, 316, 3392, 1154, 503, 1249, 11179, 11, 326, 11606, 13, 79895, 5438, 316, 5035, 108366, 13, 355, 3392, 44, 14312, 12, 119586, 17040, 0, 623, 28061, 8625, 261, 3261, 395, 1043, 3905, 375, 57010, 3006, 1043, 1636, 59, 611, 608, 390, 1511, 4137, 495, 4322, 2174, 395, 261, 1701, 1701, 1058, 13, 176400, 131219, 3392, 375, 64492, 7907, 11, 21834, 15205, 3503, 20562, 11, 21834, 6884, 42897, 11, 620, 3392, 74, 7729, 326, 32138, 11, 620, 3503, 42365, 14387, 326, 18282, 13, 74030, 316, 11606, 3392, 1939, 409, 11, 142885, 10711, 11, 6136, 63343, 11, 51415, 11, 104320, 6499, 87, 11, 16453, 77338, 11, 326, 58769, 15043, 77, 34, 13445, 385, 61182, 96132, 306, 290, 161918, 25, 106083, 11, 189726, 514, 11, 326, 112835, 13, 6899, 13134, 59, 74257, 10880, 623, 24203, 382, 40020, 15043, 77, 3392, 8313, 945, 3392, 3392, 13301, 34972, 3895, 7003, 3392, 3392, 6514, 20, 11055, 36880, 3392, 3392, 21, 11, 39660, 24743, 16280, 41922, 13568, 3392, 3392, 3, 47339, 9868, 13, 11772, 16565, 80, 1737, 83, 15043, 77, 3392, 19, 18608, 57723, 3392, 3392, 89351, 656, 104113, 1516, 8964, 103162, 350, 49, 8, 7657, 532, 30761, 61236, 3392, 3392, 9133, 25, 350, 20811, 8, 220, 45975, 12, 44318, 21, 3392, 3392, 150832, 483, 20530, 24588, 270, 2153, 350, 49, 8, 7657, 75235, 18619, 3392, 3392, 7805, 6994, 15579, 25, 723, 17, 5438, 5288, 60, 18801, 15551, 26170, 21737, 13237, 57898, 6994, 23428, 77, 3392, 4269, 4823, 25, 12194, 50659, 37648, 1069, 1323, 25117, 36964, 3392, 3392, 877, 5952, 6994, 110243, 3392, 3392, 3, 16, 11, 43616, 11, 39662, 3392, 3392, 3, 1157, 42, 3630, 8754, 306, 7940, 220, 1323, 18, 3, 994, 42, 3630, 7561, 3392, 3392, 220, 425, 55994, 8754, 12668, 3392, 3392, 220, 425, 110243, 5678, 3392, 3392, 220, 425, 38470, 395, 7357, 3392, 3392, 220, 425, 142807, 48375, 220, 899, 11, 220, 1323, 21, 3392, 3392, 271, 425, 1073, 120805, 4172, 1684, 44343, 1081, 30621, 57898, 6994, 1136, 101091, 14, 20335, 7611, 8102, 17261, 14, 18235, 178805, 33, 8102, 13, 1323, 40271, 18235, 62, 22, 9414, 23428, 77, 3392, 3, 16, 11, 11822, 11, 38292, 3392, 3392, 32, 3392, 3392, 18, 27154, 17, 13, 20, 59369, 16, 11, 45764, 24743, 16280, 3392, 3392, 58, 16427, 18, 355, 313, 5125, 901, 11, 57606, 5686, 11, 45039, 220, 51742, 10116, 60, 18801, 36525, 27120, 830, 75, 10050, 536, 14, 16427, 18, 9406, 313, 5125, 66126, 77, 695, 12, 51742, 10116, 36797, 14, 47423, 39398, 899, 23428, 77, 3392, 220, 425, 142807, 73209, 220, 22, 11, 220, 1323, 20, 3392, 3392, 271, 425, 1073, 120805, 4172, 1684, 44343, 1081, 30621, 57898, 6994, 1136, 101091, 14, 20335, 7611, 8102, 17261, 14, 44839, 178805, 33, 8102, 13, 1323, 41101, 44839, 62, 20, 9414, 23428, 77, 3392, 3, 16, 11, 41142, 11, 1302, 3392, 3392, 33, 3392, 3392, 19, 27154, 17, 59369, 16, 11, 6718, 24743, 16280, 3392, 3392, 58, 26161, 19, 355, 313, 5125, 901, 11, 57606, 5686, 11, 45039, 220, 51742, 10116, 60, 18801, 36525, 27120, 830, 75, 10050, 536, 14, 26161, 19, 9406, 313, 5125, 66126, 77, 695, 12, 51742, 10116, 36797, 14, 47423, 38747, 8876, 23428, 77, 3392, 220, 425, 142807, 175150, 220, 17, 11, 220, 1323, 20, 3392, 3392, 271, 425, 1073, 120805, 4172, 1684, 44343, 1081, 30621, 57898, 6994, 1136, 101091, 14, 20335, 7611, 8102, 17261, 14, 31883, 178805, 33, 8102, 13, 1323, 33539, 31883, 62, 16, 9414, 23428, 77, 3392, 3, 16, 11, 1302, 11, 1302, 3392, 3392, 34, 3392, 3392, 19, 27154, 18, 59369, 16, 11, 6718, 24743, 16280, 3392, 3392, 58, 22538, 20, 355, 1272, 10307, 84, 901, 11, 57606, 5686, 11, 45039, 220, 51742, 10116, 60, 18801, 36525, 27120, 830, 75, 10050, 536, 14, 22538, 20, 9406, 1272, 10307, 84, 66126, 77, 695, 12, 51742, 10116, 36797, 14, 47423, 36354, 858, 23428, 77, 3392, 220, 425, 142807, 112543, 220, 2270, 11, 220, 1323, 20, 3392, 3392, 271, 425, 1073, 120805, 4172, 1684, 44343, 1081, 30621, 57898, 6994, 1136, 101091, 14, 13567, 7611, 8102, 17261, 14, 24954, 178805, 33, 8102, 13, 43471, 24954, 62, 15, 9414, 23428, 77, 3392, 271, 425, 1073, 120805, 4172, 1684, 44343, 1081, 30621, 57898, 6994, 1136, 101091, 14, 13567, 7611, 8102, 17261, 14, 24954, 178805, 33, 8102, 13, 43471, 24954, 62, 16, 62, 15, 9414, 23428, 77, 3392, 271, 425, 257, 425, 257, 425, 257, 425, 257, 425, 257, 425, 257, 425, 257, 425, 257, 425, 257, 425, 1073, 120805, 4172, 1684, 44343, 1081, 30621, 57898, 6994, 1136, 101091, 14, 13567, 7611, 8102, 17261, 14, 24954, 178805, 33, 8102, 13, 43471, 24954, 62, 994, 62, 15, 9414, 23428, 77, 3392, 3, 16, 11, 47190, 11, 1302, 3392, 3392, 35, 3392, 3392, 19, 27154, 17, 59369, 16, 11, 22280, 24743, 16280, 3392, 3392, 58, 21283, 23, 197588, 62540, 31489, 11, 57606, 5686, 11, 45039, 220, 51742, 10116, 60, 18801, 36525, 27120, 830, 75, 10050, 536, 14, 21283, 23, 9406, 1854, 62540, 66126, 77, 21001, 12, 51742, 10116, 36797, 14, 47423, 22275, 2636, 23428, 77, 3392, 220, 425, 142807, 65456, 220, 2270, 11, 220, 1323, 20, 3392, 3392, 271, 425, 1073, 120805, 4172, 1684, 44343, 1081, 30621, 57898, 6994, 1136, 101091, 14, 20335, 7611, 8102, 17261, 14, 20021, 178805, 33, 8102, 13, 1323, 41101, 20021, 6829, 9414, 23428, 77, 3392, 3, 50710, 11, 1302, 3392, 3392, 36, 3392, 3392, 19, 27154, 17, 13, 20, 59369, 17, 11, 28968, 24743, 16280, 3392, 3392, 58, 22705, 15, 355, 313, 5125, 901, 11, 57606, 5686, 11, 45039, 220, 51742, 10116, 60, 18801, 36525, 27120, 830, 75, 10050, 536, 14, 22705, 15, 9406, 313, 5125, 66126, 77, 695, 12, 51742, 10116, 36797, 14, 47423, 38120, 8956, 23428, 77, 3392, 220, 425, 142807, 175150, 220, 1494, 11, 220, 1323, 20, 3392, 3392, 271, 425, 1073, 120805, 4172, 1684, 44343, 1081, 30621, 57898, 6994, 1136, 101091, 14, 20335, 7611, 8102, 17261, 14, 26348, 178805, 33, 8102, 13, 1323, 42468, 26348, 62, 16, 9414, 23428, 77, 3392, 3, 26878, 11, 1302, 3392, 3392, 37, 3392, 3392, 18, 27154, 17, 59369, 16, 11, 43467, 24743, 16280, 3392, 3392, 58, 667, 17, 11036, 78, 27522, 3808, 11, 57606, 5686, 11, 45039, 220, 51742, 10116, 60, 18801, 36525, 27120, 830, 75, 10050, 536, 14, 667, 17, 12249, 15150, 6189, 1361, 66126, 77, 5822, 12, 51742, 10116, 36797, 14, 47423, 38120, 1157, 23428, 77, 3392, 30177, 495, 2237, 316, 6442, 261, 2240, 3019, 1753, 2944, 483, 26890, 402, 290, 3392, 161585, 24572, 15043, 77, 3392, 40, 2316, 220, 667, 22, 11036, 78, 27522, 3808, 3392, 3392, 877, 120237, 7357, 27512, 3392, 3392, 110479, 14279, 3911, 3392, 3392, 59487, 23503, 3392, 3392, 9868, 13, 23436, 8959, 20118, 3, 7947, 11, 14785, 3392, 3392, 68283, 11793, 17997, 7, 18, 18929, 548, 1398, 11, 49057, 3392, 3392, 99371, 11793, 17997, 3, 1398, 11, 49057, 3392, 3392, 60227, 1096, 5577, 3, 21, 11, 17395, 3392, 3392, 5415, 8112, 3, 17, 11, 30729, 3392, 3392, 40892, 843, 12711, 3, 38732, 3392, 3392, 80790, 108338, 12634, 3, 46875, 3392, 3392, 53767, 483, 261, 5952, 6994, 11793, 71467, 702, 11, 47281, 3392, 3392, 10817, 548, 702, 11, 47281, 402, 24203, 19780, 82, 11793, 17997, 3392, 3392, 1816, 15696, 29002, 402, 5952, 6994, 3392, 3392, 11480, 5937, 8309, 827, 220, 18, 35, 32603, 3392, 3392, 58, 25891, 261, 2240, 30838, 60, 18801, 63374, 8575, 40243, 5031, 4806, 66126, 77, 83581, 387, 30, 8813, 906, 28, 47423, 22275, 5462, 5, 258, 24512, 4823, 28, 23685, 23428, 77, 3392, 76710, 15971, 3, 14028, 11, 30574, 3392, 3392, 877, 14208, 20464, 306, 220, 51742, 10116, 11, 45039, 3392, 3392, 6949, 8489, 7561, 220, 1323, 21, 3392, 3392, 99371, 19780, 82, 14208, 3392, 3392, 68283, 19780, 82, 14208, 3392, 3392, 190271, 2910, 3392, 3392, 32668, 6487, 12, 950, 11772, 3392, 3392, 5080, 13, 22, 160153, 77, 3392, 16, 13, 15, 4, 10057, 44, 3392, 3392, 103846, 7357, 3911, 3392, 3392, 3, 48087, 42, 3392, 3392, 3, 20, 42, 10057, 44, 3392, 3392, 18642, 13, 3376, 402, 2910, 3392, 3392, 3618, 67, 3392, 3392, 19, 3376, 10057, 44, 3392, 3392, 52968, 8754, 12668, 3392, 3392, 4987, 3392, 3392, 22, 10057, 44, 3392, 3392, 3443, 25825, 395, 7357, 3392, 3392, 220, 425, 257, 425, 1073, 120805, 4172, 1684, 44343, 1081, 30621, 57898, 6994, 1136, 101091, 14, 20335, 14, 3294, 17261, 14, 42597, 178805, 41748, 13, 1323, 36223, 42597, 62, 15, 9414, 23428, 77, 3392, 271, 425, 1073, 120805, 4172, 1684, 44343, 1081, 30621, 57898, 6994, 1136, 101091, 14, 20335, 14, 3294, 17261, 14, 42597, 178805, 41748, 13, 1323, 36223, 42597, 62, 16, 62, 15, 9414, 23428, 77, 3392, 271, 425, 257, 425, 257, 425, 257, 425, 257, 425, 257, 425, 257, 425, 257, 425, 257, 425, 257, 425, 257, 425, 257, 425, 257, 425, 257, 425, 257, 425, 257, 425, 257, 425, 257, 425, 257, 425, 257, 425, 257, 425, 1073, 120805, 4172, 1684, 44343, 1081, 30621, 57898, 6994, 1136, 101091, 14, 20335, 14, 3294, 17261, 14, 42597, 178805, 41748, 13, 1323, 36223, 42597, 62, 1709, 62, 15, 9414, 23428, 77, 3392, 3, 32088, 11, 1302, 3392, 3392, 17, 27154, 17, 59369, 46648, 24743, 16280, 3392, 3392, 58, 5080, 12, 18663, 17, 658, 13750, 43612, 273, 2064, 1069, 16813, 4625, 11, 57606, 5686, 11, 45039, 220, 51742, 10116, 60, 18801, 36525, 27120, 830, 75, 66126, 77, 15764, 14, 5080, 12, 18663, 17, 12249, 13750, 43612, 273, 95384, 12, 51742, 10116, 186505, 12, 16813, 4625, 36797, 14, 667, 25150, 7659, 23428, 77, 3392, 220, 425, 257, 425, 1073, 120805, 4172, 1684, 44343, 1081, 30621, 57898, 6994, 1136, 101091, 14, 20335, 14, 3294, 17261, 14, 38189, 178805, 41748, 13, 1323, 36223, 38189, 62, 15, 9414, 23428, 77, 3392, 271, 425, 1073, 120805, 4172, 1684, 44343, 1081, 30621, 57898, 6994, 1136, 101091, 14, 20335, 14, 3294, 17261, 14, 38189, 178805, 41748, 13, 1323, 36223, 38189, 62, 16, 62, 15, 9414, 23428, 77, 3392, 271, 425, 257, 425, 257, 425, 257, 425, 257, 425, 257, 425, 257, 425, 257, 425, 257, 425, 257, 425, 257, 425, 257, 425, 257, 425, 257, 425, 257, 425, 257, 425, 257, 425, 257, 425, 257, 425, 257, 425, 257, 425, 1073, 120805, 4172, 1684, 44343, 1081, 30621, 57898, 6994, 1136, 101091, 14, 20335, 14, 3294, 17261, 14, 38189, 178805, 41748, 13, 1323, 36223, 38189, 62, 1709, 62, 15, 9414, 23428, 77, 3392, 3, 34619, 11, 1302, 3392, 3392, 18, 27154, 17, 59369, 16, 11, 47485, 24743, 16280, 3392, 3392, 58, 10165, 19, 14234, 394, 9967, 901, 11, 57606, 5686, 11, 45039, 220, 51742, 10116, 60, 18801, 36525, 27120, 830, 75, 10050, 536, 14, 10165, 19, 12249, 90325, 9967, 66126, 77, 695, 12, 51742, 10116, 36797, 14, 47423, 43503, 5007, 23428, 77, 3392, 220, 425, 257, 425, 1073, 120805, 4172, 1684, 44343, 1081, 30621, 57898, 6994, 1136, 101091, 14, 20335, 14, 3294, 17261, 14, 32088, 178805, 41748, 13, 1323, 36223, 32088, 62, 16, 9414, 23428, 77, 3392, 271, 425, 1073, 120805, 4172, 1684, 44343, 1081, 30621, 57898, 6994, 1136, 101091, 14, 20335, 14, 3294, 17261, 14, 32088, 178805, 41748, 13, 1323, 36223, 32088, 62, 16, 62, 16, 9414, 23428, 77, 3392, 271, 425, 257, 425, 257, 425, 257, 425, 257, 425, 257, 425, 257, 425, 257, 425, 257, 425, 257, 425, 257, 425, 257, 425, 257, 425, 257, 425, 257, 425, 257, 425, 1073, 120805, 4172, 1684, 44343, 1081, 30621, 57898, 6994, 1136, 101091, 14, 20335, 14, 3294, 17261, 14, 32088, 178805, 41748, 13, 1323, 36223, 32088, 62, 1422, 62, 16, 9414, 23428, 77, 3392, 3, 39111, 11, 1302, 3392, 3392, 19, 27154, 17, 59369, 16, 11, 46295, 24743, 16280, 3392, 3392, 58, 20771, 19, 355, 6595, 13750, 901, 11, 57606, 5686, 11, 45039, 220, 51742, 10116, 60, 18801, 36525, 27120, 830, 75, 10050, 536, 14, 20771, 19, 9406, 6595, 13750, 66126, 77, 695, 12, 51742, 10116, 36797, 14, 47423, 42161, 2109, 23428, 77, 3392, 220, 425, 257, 425, 1073, 120805, 4172, 1684, 44343, 1081, 30621, 57898, 6994, 1136, 101091, 14, 20335, 14, 3294, 17261, 14, 31665, 178805, 41748, 13, 1323, 36826, 31665, 62, 17, 9414, 23428, 77, 3392, 271, 425, 1073, 120805, 4172, 1684, 44343, 1081, 30621, 57898, 6994, 1136, 101091, 14, 20335, 14, 3294, 17261, 14, 31665, 178805, 41748, 13, 1323, 36826, 31665, 62, 16, 62, 17, 9414, 23428, 77, 3392, 271, 425, 257, 425, 257, 425, 257, 425, 1073, 120805, 4172, 1684, 44343, 1081, 30621, 57898, 6994, 1136, 101091, 14, 20335, 14, 3294, 17261, 14, 31665, 178805, 41748, 13, 1323, 36826, 31665, 62, 20, 62, 16, 9414, 23428, 77, 3392, 3, 30586, 11, 1302, 3392, 3392, 17, 27154, 17, 59369, 47574, 24743, 16280, 3392, 3392, 58, 5080, 12, 49639, 108039, 3048, 901, 1069, 1311, 11, 57606, 5686, 11, 45039, 220, 51742, 10116, 60, 18801, 36525, 27120, 830, 75, 10050, 536, 14, 5080, 12, 49639, 131588, 296, 3048, 66126, 77, 695, 12, 51742, 10116, 186505, 12, 1311, 36797, 14, 667, 48315, 44008, 23428, 77, 3392, 220, 425, 5601, 722, 3392, 3392, 9241, 12668, 3392, 3392, 877, 120237, 27512, 3392, 3392, 877, 17149, 5678, 395, 220, 667, 22, 11036, 78, 27522, 3808, 3392, 3392, 2507, 3392, 3392, 2091, 3392, 3392, 7417, 3392, 3392, 12194, 50659, 37648, 1069, 1323, 25117, 36964, 3392, 3392, 21858, 220, 1422, 11, 220, 1323, 18, 3392, 3392, 54265, 3392, 3392, 3, 16, 11, 23150, 11, 1302, 3392, 3392, 3, 43345, 5031, 80, 16280, 3392, 3392, 21858, 220, 23, 11, 220, 1323, 18, 3392, 3392, 32216, 3392, 3392, 2322, 59, 77, 3392, 13561, 220, 858, 11, 220, 1323, 18, 3392, 3392, 7417, 101980, 3392, 3392, 3, 16, 11, 23150, 11, 1302, 3392, 3392, 3, 43345, 5031, 80, 16280, 3392, 3392, 11272, 220, 2109, 11, 220, 1323, 18, 3392, 3392, 7417, 101980, 3392, 3392, 3, 16, 11, 20335, 11, 1302, 3392, 3392, 3, 41019, 5031, 80, 16280, 3392, 3392, 11272, 220, 1265, 11, 220, 1323, 18, 3392, 3392, 89351, 3392, 3392, 3, 16, 11, 6911, 11, 1302, 3392, 3392, 3, 45912, 5031, 80, 16280, 3392, 3392, 12194, 50659, 37648, 1069, 1323, 20350, 47159, 3392, 3392, 21858, 220, 20, 11, 220, 1323, 17, 3392, 3392, 54265, 3392, 3392, 3, 9752, 11, 1302, 3392, 3392, 3, 43116, 5031, 80, 16280, 3392, 3392, 40377, 220, 455, 11, 220, 1323, 17, 3392, 3392, 89351, 3392, 3392, 3, 34619, 11, 1302, 3392, 3392, 3, 41838, 5031, 80, 16280, 3392, 3392, 0, 120805, 4172, 1684, 44343, 1081, 30621, 66126, 77, 1291, 6994, 1136, 101091, 14, 20335, 14, 3294, 79, 28841, 11147, 14, 47159, 178805, 41748, 13, 1323, 20350, 47159, 62, 16, 9414, 23428, 77, 3392, 36, 11036, 78, 27522, 316, 24694, 8392, 276, 4250, 13, 68628, 4194, 591, 57606, 45252, 40348, 11, 11606, 3392, 1939, 409, 11, 2018, 937, 597, 12693, 9053, 11, 51415, 11, 142885, 10711, 11, 25331, 64000, 11, 35981, 51674, 6097, 332, 10710, 11, 827, 164400, 3158, 13, 1328, 1001, 4869, 4590, 3502, 2237, 382, 114810, 3392, 181232, 395, 4224, 6703, 316, 722, 18089, 328, 290, 18149, 326, 38174, 540, 290, 1869, 3392, 15563, 1401, 328, 8392, 276, 4250, 402, 261, 4410, 3261, 1072, 220, 21, 11, 1302, 24743, 16280, 13, 68506, 15555, 306, 13481, 267, 26169, 3392, 2205, 326, 5567, 19416, 8655, 591, 43842, 422, 6824, 316, 57606, 57850, 326, 5519, 306, 3392, 81749, 13, 220, 18, 26058, 659, 220, 17, 8503, 306, 2758, 4276, 61301, 220, 16, 15131, 14, 16, 8503, 15369, 3392, 6332, 13574, 27326, 395, 6451, 192408, 1483, 3203, 81400, 13, 220, 19, 1669, 61599, 7927, 3392, 76466, 9540, 14472, 13, 6136, 382, 2447, 8754, 8033, 12, 2291, 326, 67384, 1236, 33584, 3392, 23871, 289, 2631, 13, 195466, 25, 161635, 26305, 54561, 21510, 42393, 30181, 326, 8982, 3392, 3082, 1878, 7907, 4167, 4273, 220, 1323, 17, 11, 16367, 3592, 690, 220, 667, 20, 11, 24214, 33842, 220, 667, 22, 11, 19895, 3392, 13281, 295, 220, 667, 22, 11, 16367, 1072, 1669, 3135, 326, 5567, 15369, 673, 195289, 18308, 220, 1323, 16, 15043, 77, 50, 1736, 730, 42405, 5124, 483, 2237, 13, 112835, 326, 189726, 514, 16979, 306, 42405, 2928, 3392, 60317, 13509, 328, 19134, 15310, 3392, 3392, 8313, 945, 3392, 3392, 8313, 945, 3392, 3392, 11055, 3392, 3392, 3895, 5577, 3392, 3392, 29263, 659, 4063, 5500, 3392, 3392, 78364, 87052, 77, 3392, 1323, 17, 3392, 3392, 3, 17, 11, 34175, 36088, 455, 13, 24, 18929, 59, 77, 3392, 3, 48159, 11, 6718, 659, 548, 7633, 11, 1302, 3392, 3392, 3, 39302, 11, 6718, 3392, 3392, 1323, 16, 3392, 3392, 3, 17, 11, 15517, 350, 39102, 23, 13, 16, 18929, 59, 77, 3392, 3, 48159, 11, 6718, 659, 548, 7633, 11, 1302, 3392, 3392, 3, 39302, 11, 6718, 3392, 3392, 1323, 15, 3392, 3392, 3, 17, 11, 43190, 36088, 2040, 13, 16, 18929, 59, 77, 3392, 3, 42710, 11, 6718, 659, 548, 7479, 11, 1302, 3392, 3392, 3, 19837, 11, 6718, 3392, 3392, 667, 24, 3392, 3392, 3, 17, 11, 47183, 36088, 18, 13, 16, 18929, 59, 77, 3392, 3, 41289, 11, 6718, 659, 548, 16576, 11, 9752, 3392, 3392, 3, 43471, 11, 3234, 3392, 3392, 667, 23, 3392, 3392, 3, 17, 11, 24851, 36088, 994, 13, 22, 18929, 59, 77, 3392, 3, 42710, 11, 6718, 659, 548, 16926, 11, 4095, 3392, 3392, 3, 41466, 11, 9752, 3392, 3392, 667, 22, 3392, 3392, 3, 16, 11, 34175, 36088, 24, 13, 18, 18929, 59, 77, 3392, 3, 42283, 11, 4095, 659, 548, 8076, 11, 6718, 3392, 3392, 3, 9534, 11, 9752, 3392, 3392, 667, 21, 3392, 3392, 3, 16, 11, 43796, 36088, 1311, 13, 24, 18929, 59, 77, 3392, 3, 40863, 11, 6718, 659, 548, 19302, 11, 4812, 3392, 3392, 3, 25479, 11, 1302, 3392, 3392, 667, 19, 3392, 3392, 3, 16, 11, 38302, 36088, 23, 13, 19, 18929, 59, 77, 3392, 3, 13989, 11, 4095, 659, 548, 18132, 11, 6718, 3392, 3392, 3, 45502, 11, 9752, 3392, 3392, 667, 18, 3392, 3392, 3, 16, 11, 35908, 36088, 20, 13, 23, 18929, 59, 77, 3392, 3, 35792, 11, 6718, 659, 548, 12536, 11, 4095, 3392, 3392, 3, 37434, 11, 9752, 3392, 3392, 667, 17, 3392, 3392, 3, 16, 11, 30998, 3392, 3392, 3, 33587, 11, 1353, 659, 548, 19149, 11, 1353, 3392, 3392, 3, 31659, 11, 1179, 3392, 3392, 877, 18489, 5678, 395, 220, 667, 22, 11036, 78, 27522, 3808, 3392, 3392, 11055, 3392, 3392, 3895, 5577, 3392, 3392, 29263, 659, 4063, 5500, 3392, 3392, 78364, 87052, 77, 3392, 1323, 17, 3392, 3392, 3, 17, 11, 34175, 36088, 455, 13, 24, 18929, 59, 77, 3392, 3, 48159, 11, 6718, 659, 548, 7633, 11, 1302, 3392, 3392, 3, 39302, 11, 6718, 3392, 3392, 1323, 16, 3392, 3392, 3, 17, 11, 15517, 350, 39102, 23, 13, 16, 18929, 59, 77, 3392, 3, 48159, 11, 6718, 659, 548, 7633, 11, 1302, 3392, 3392, 3, 39302, 11, 6718, 3392, 3392, 1323, 15, 3392, 3392, 3, 17, 11, 43190, 36088, 2040, 13, 16, 18929, 59, 77, 3392, 3, 42710, 11, 6718, 659, 548, 7479, 11, 1302, 3392, 3392, 3, 19837, 11, 6718, 3392, 3392, 667, 24, 3392, 3392, 3, 17, 11, 47183, 36088, 18, 13, 16, 18929, 59, 77, 3392, 3, 41289, 11, 6718, 659, 548, 16576, 11, 9752, 3392, 3392, 3, 43471, 11, 3234, 3392, 3392, 667, 23, 3392, 3392, 3, 17, 11, 24851, 36088, 994, 13, 22, 18929, 59, 77, 3392, 3, 42710, 11, 6718, 659, 548, 16926, 11, 4095, 3392, 3392, 3, 41466, 11, 9752, 3392, 3392, 667, 22, 3392, 3392, 3, 16, 11, 34175, 36088, 24, 13, 18, 18929, 59, 77, 3392, 3, 42283, 11, 4095, 659, 548, 8076, 11, 6718, 3392, 3392, 3, 9534, 11, 9752, 3392, 3392, 667, 21, 3392, 3392, 3, 16, 11, 43796, 36088, 1311, 13, 24, 18929, 59, 77, 3392, 3, 40863, 11, 6718, 659, 548, 19302, 11, 4812, 3392, 3392, 3, 25479, 11, 1302, 3392, 3392, 667, 19, 3392, 3392, 3, 16, 11, 38302, 36088, 23, 13, 19, 18929, 59, 77, 3392, 3, 13989, 11, 4095, 659, 548, 18132, 11, 6718, 3392, 3392, 3, 45502, 11, 9752, 3392, 3392, 667, 18, 3392, 3392, 3, 16, 11, 35908, 36088, 20, 13, 23, 18929, 59, 77, 3392, 3, 35792, 11, 6718, 659, 548, 12536, 11, 4095, 3392, 3392, 3, 37434, 11, 9752, 3392, 3392, 667, 17, 3392, 3392, 3, 16, 11, 30998, 3392, 3392, 3, 33587, 11, 1353, 659, 548, 19149, 11, 1353, 3392, 3392, 3, 31659, 11, 1179, 3392, 3392, 8313, 945, 3392, 3392, 9, 24146, 562, 1432, 328, 4583, 326, 21207, 402, 480, 7109, 964, 5500, 1405, 382, 16817, 19602, 656, 2698, 10224, 914, 326, 2226, 625, 7902, 2910, 3911, 15043, 77, 3392, 877, 5473, 3704, 3392, 3392, 220, 425, 5473, 3704, 3392, 220, 425, 1489, 30816, 3392, 3392, 155478, 3392, 3392, 19, 3392, 3392, 49841, 82, 3392, 3392, 18, 3392, 3392, 94653, 3392, 3392, 16, 3392, 3392, 41922, 4345, 3392, 3392, 2322, 59, 77, 3392, 41922, 13636, 3392, 3392, 2322, 59, 77, 3392, 41922, 2349, 3392, 3392, 21, 11, 39660, 67202, 13, 59896, 15043, 77, 3392, 11055, 66650, 3392, 3392, 2322, 59, 77, 3392, 79058, 13, 59896, 15043, 77, 3392, 16, 11, 40657, 3392, 3392, 11055, 8113, 3392, 3392, 6514, 20, 3392, 3392, 3977, 3392, 3392, 13301, 14098, 61741, 3392, 3392, 73657, 3392, 3392, 58724, 109138, 8269, 3392, 3392, 2685, 45, 3392, 3392, 16, 220, 24, 220, 22, 220, 45404, 220, 13365, 220, 1302, 15, 3392, 3392, 57723, 91019, 3392, 3392, 2322, 59, 77, 3392, 35721, 962, 3392, 3392, 2322, 59, 77, 3392, 75136, 3392, 3392, 2322, 59, 77, 3392, 30333, 32, 415, 1406, 3392, 3392, 2322, 59, 77, 3392, 107581, 3392, 3392, 2322, 59, 77, 3392, 22624, 3392, 3392, 2322, 59, 77, 3392, 6949, 8489, 656, 8667, 402, 3145, 220, 24, 11, 220, 1323, 18, 15043, 77, 3392, 49, 12, 20, 3392, 3392, 132150, 15071, 220, 20, 3392, 3392, 976, 9676, 328, 290, 61741, 15071, 382, 316, 3763, 395, 261, 3352, 328, 22727, 59, 301, 696, 1629, 13, 623, 9107, 1199, 8712, 413, 67980, 111041, 13, 10473, 6009, 328, 59, 301, 13072, 963, 1340, 1217, 413, 9279, 11, 3463, 12421, 3261, 2543, 11, 19723, 326, 5355, 3392, 22776, 19445, 34602, 13, 478, 1415, 86, 4481, 8844, 484, 2498, 326, 21800, 3392, 430, 13299, 17528, 8173, 8712, 1217, 413, 27927, 13, 623, 9841, 328, 290, 3392, 49, 12, 22, 13, 20, 11, 460, 12, 20, 326, 460, 12, 18, 13, 20, 46334, 382, 316, 3587, 6723, 395, 19928, 22727, 59, 25566, 31723, 13, 5006, 46334, 1481, 413, 13335, 62238, 7876, 290, 5030, 15043, 77, 3392, 11478, 5478, 8844, 3392, 3392, 34045, 889, 553, 625, 9913, 316, 16008, 77, 3392, 220, 425, 48298, 6968, 3027, 7670, 3392, 220, 425, 48298, 6189, 127107, 13306, 3392, 220, 425, 70223, 12, 13863, 3392, 220, 425, 5473, 2570, 3392, 3392, 29387, 945, 402, 96832, 3438, 3392, 3392, 877, 14069, 4878, 3392, 3392, 31639, 40497, 3392, 3392, 220, 425, 40497, 33222, 277, 477, 8623, 3392, 220, 425, 40497, 21650, 25, 220, 18, 4004, 85438, 77, 220, 425, 1069, 328, 40497, 91019, 350, 8270, 3127, 220, 19, 3392, 3392, 31639, 36821, 3392, 3392, 220, 425, 46285, 8623, 3392, 220, 425, 1069, 328, 87796, 350, 10594, 3127, 220, 18, 3392, 3392, 220, 425, 36821, 21650, 3392, 220, 425, 730, 75455, 25, 355, 18828, 24479, 14856, 11, 190911, 11, 124322, 11, 120588, 56618, 11, 26714, 37469, 1066, 11, 124953, 11, 140041, 3392, 220, 425, 97720, 25, 73531, 3392, 3392, 220, 425, 22980, 17609, 477, 3392, 220, 425, 67202, 13, 59896, 13, 53410, 295, 350, 52231, 3127, 220, 16, 11, 40657, 3392, 3392, 31639, 88702, 3392, 3392, 220, 425, 88702, 21650, 3392, 220, 425, 13516, 21650, 25, 7926, 3392, 220, 425, 53410, 25, 77270, 14, 115806, 11, 17415, 115005, 3392, 220, 425, 27585, 21650, 25, 12693, 12953, 27585, 3392, 3392, 220, 425, 14069, 8623, 3392, 220, 425, 14069, 7003, 25, 16035, 14098, 3392, 220, 425, 14069, 5934, 7003, 25, 16035, 14098, 3392, 220, 425, 151678, 17602, 25, 5535, 678, 16035, 14098, 3392, 220, 425, 14069, 21277, 477, 25, 10473, 3392, 220, 425, 14069, 30255, 25, 38278, 3392, 220, 425, 10343, 6890, 119015, 25, 220, 1323, 18, 3392, 220, 425, 10343, 36880, 25, 220, 6514, 20, 3392, 220, 425, 31452, 43691, 25, 70304, 38725, 11, 47600, 11, 11646, 14606, 11, 10473, 11, 73531, 11, 17415, 29120, 3392, 220, 425, 4479, 25, 22617, 1137, 11, 122479, 3392, 220, 425, 31479, 7003, 25, 5108, 3392, 3392, 220, 425, 24701, 8623, 3392, 220, 425, 24701, 21650, 25, 22550, 3392, 220, 425, 1489, 30816, 25, 220, 2922, 533, 460, 12, 20, 61741, 15071, 3392, 220, 425, 68350, 4507, 25, 24299, 3392, 220, 425, 12497, 21277, 477, 25, 398, 9757, 12497, 3392, 220, 425, 24701, 13568, 17049, 25, 220, 36826, 17, 13, 504, 3392, 220, 425, 66675, 9184, 25, 220, 16, 12, 24, 12, 22, 12, 45404, 12, 13365, 12, 1302, 15, 3392, 3392, 220, 425, 10098, 8623, 3392, 220, 425, 8022, 7587, 25, 16541, 3392, 220, 425, 10098, 21104, 627, 25, 42369, 533, 50746, 12295, 3392, 220, 425, 105087, 1084, 25, 11689, 3392, 220, 425, 10098, 183870, 25, 10098, 12755, 3392, 220, 425, 97274, 31863, 25, 31863, 415, 3392, 3392, 31639, 20911, 3392, 3392, 220, 425, 18489, 8623, 3392, 220, 425, 18489, 47155, 25, 548, 22265, 3392, 220, 425, 18489, 32626, 47155, 25, 548, 17, 11, 34175, 3392, 220, 425, 18489, 10343, 25, 220, 1323, 17, 3392, 220, 425, 18489, 4744, 39551, 9963, 10098, 25, 220, 47829, 4095, 13, 504, 3392, 220, 425, 18489, 4744, 39551, 9963, 195466, 25, 548, 7633, 11, 1179, 3392, 220, 425, 18489, 4744, 39551, 9963, 25, 220, 48741, 3234, 13, 504, 3392, 220, 425, 18489, 1771, 52732, 37717, 53789, 8830, 25, 220, 15, 3392, 3392, 31639, 67889, 3392, 3392, 220, 425, 47715, 8623, 3392, 220, 425, 67889, 25, 49273, 11, 7380, 11, 5473, 12303, 11, 98209, 11, 91465, 71181, 3392, 3392, 31639, 14553, 3392, 3392, 220, 425, 6136, 31867, 12953, 8623, 3392, 220, 425, 12953, 12693, 7317, 25, 24694, 8392, 276, 4250, 57464, 1877, 786, 3392, 3392, 220, 425, 6586, 8623, 3392, 220, 425, 52334, 6586, 25, 8392, 276, 4250, 3392, 220, 425, 19234, 2604, 37953, 6586, 25, 104314, 3392, 220, 425, 6597, 6586, 25, 57606, 5686, 3392, 3392, 220, 425, 14553, 14209, 3392, 220, 425, 14553, 25, 10473, 3392, 220, 425, 4475, 73989, 7812, 25, 77899, 53115, 85243, 2291, 141048, 3392, 3392, 31639, 5473, 19719, 3392, 3392, 220, 425, 74222, 25, 220, 19, 3392, 220, 425, 74594, 25, 220, 18, 13, 15, 3392, 220, 425, 67202, 13, 59896, 22692, 220, 16, 11, 40657, 3392, 220, 425, 31479, 25, 220, 16, 13, 15, 3392, 220, 425, 24701, 13568, 25, 220, 21, 11, 39660, 13749, 11059, 3392, 220, 425, 17602, 25, 16035, 14098, 61741, 3392, 220, 425, 10343, 36880, 25, 220, 6514, 20, 3392, 220, 425, 10343, 89080, 780, 25, 2733, 59, 77, 220, 425, 8269, 25, 124470, 8269, 3392, 220, 425, 13165, 45, 25, 220, 16, 220, 24, 220, 22, 220, 45404, 220, 13365, 220, 1302, 15, 3392, 3392, 8884, 19719, 8489, 656, 20097, 11722, 402, 3145, 220, 24, 11, 220, 1323, 18, 3392, 3392, 31639, 10473, 3392, 3392, 220, 425, 71785, 827, 3946, 71329, 3392, 220, 425, 3946, 71329, 25, 14069, 102231, 901, 3586, 3392, 3392, 220, 425, 41890, 8623, 3392, 220, 425, 105021, 12270, 25, 350, 20811, 8, 220, 45975, 12, 44318, 21, 3392, 3392, 8313, 722, 4322, 4878, 3392, 3392, 877, 907, 95904, 3392, 3392, 877, 51777, 495, 2237, 3392, 3392, 220, 425, 36457, 3392, 3392, 220, 425, 61128, 3392, 3392, 220, 425, 80333, 3392, 3392, 47, 12375, 4250, 52334, 6586, 3392, 3392, 13876, 4659, 42, 12, 21, 7657, 142813, 7657, 220, 15, 13, 23, 3900, 3392, 3392, 24, 14, 702, 3392, 3392, 12664, 10186, 102873, 6586, 3392, 3392, 13876, 220, 22, 12, 23, 7657, 142813, 7657, 220, 16, 13, 17, 3900, 3392, 3392, 20, 14, 702, 3392, 3392, 137706, 75, 5686, 6597, 6586, 3392, 3392, 13876, 220, 24, 12, 899, 7657, 142813, 7657, 220, 15, 13, 23, 3900, 3392, 3392, 22, 14, 702, 3392, 3392, 8313, 19486, 11179, 3392, 3392, 110436, 656, 10405, 96393, 3392, 3392, 877, 80343, 3392, 3392, 16, 13, 23, 14, 702, 3392, 3392, 9680, 3759, 3392, 3392, 72625, 722, 145655, 1309, 261, 1669, 3392, 3392, 15, 13, 20, 14, 702, 3392, 3392, 12926, 17431, 3563, 3392, 3392, 117755, 17431, 20933, 3392, 3392, 18, 13, 20, 14, 702, 3392, 3392, 12926, 80333, 3392, 3392, 32, 3120, 19486, 40320, 3880, 3392, 3392, 21, 13, 23, 14, 702, 3392, 3392, 25613, 90783, 3392, 3392, 138041, 19486, 19044, 11525, 3392, 3392, 15, 13, 23, 14, 702, 3392, 3392, 138041, 82142, 3392, 3392, 138041, 503, 860, 35807, 27246, 19486, 3392, 3392, 16, 13, 20, 14, 702, 3392, 3392, 48258, 26950, 3392, 3392, 7712, 76, 540, 722, 5123, 3392, 3392, 110436, 656, 17926, 30731, 326, 11274, 61151, 3392, 3392, 877, 53029, 21316, 3392, 3392, 16, 14, 702, 97274, 63743, 3392, 3392, 117755, 7031, 328, 261, 23390, 29787, 290, 6282, 306, 290, 2613, 220, 1130, 2101, 3392, 3392, 21948, 63743, 3392, 3392, 2167, 19780, 264, 4113, 402, 4811, 2208, 326, 16360, 6452, 7031, 2164, 395, 495, 3392, 9603, 15043, 77, 3392, 68882, 63743, 3392, 3392, 2167, 19780, 264, 4113, 402, 4811, 2208, 326, 16360, 10609, 7031, 2164, 395, 495, 3392, 9603, 15043, 77, 3392, 62417, 63743, 3392, 3392, 2167, 19780, 264, 4113, 402, 4811, 2208, 326, 16360, 11215, 7031, 2164, 395, 495, 3392, 9603, 15043, 77, 3392, 16, 14, 702, 6625, 63743, 3392, 3392, 117755, 7031, 328, 76587, 3693, 1072, 2613, 220, 1130, 2101, 3392, 3392, 1097, 3149, 3019, 3392, 3392, 110436, 656, 8338, 9903, 3392, 3392, 877, 59013, 11122, 58612, 77, 20614, 4172, 1684, 3064, 30801, 6994, 1136, 27309, 289, 25430, 20096, 36797, 123468, 12237, 51378, 28880, 30, 8100, 28, 2040, 13, 37370, 41522, 20, 5, 46699, 21714, 19676, 13, 51294, 43023, 18, 23428, 77, 3392, 137706, 75, 5686, 11, 45039, 7657, 220, 51742, 10116, 3392, 3392, 49836, 3392, 3392, 4319, 22281, 7949, 3392, 3392, 81646, 14229, 3392, 3392, 29203, 3472, 3392, 3392, 142079, 3392, 3392, 27475, 4465, 326, 1932, 28295, 350, 6793, 37, 23428, 77, 3392, 2241, 3392, 3392, 4625, 3392, 3392, 7767, 3392, 3392, 5462, 3392, 3392, 10116, 3392, 3392, 2789, 3392, 3392, 9989, 3392, 3392, 10018, 3392, 3392, 10127, 3392, 3392, 10018, 3392, 3392, 8017, 3392, 3392, 9876, 3392, 3392, 8017, 3392, 3392, 9876, 3392, 3392, 6818, 3392, 3392, 3384, 3392, 3392, 6818, 3392, 3392, 3384, 3392, 3392, 8017, 3392, 3392, 9876, 3392, 3392, 10127, 3392, 3392, 10018, 3392, 3392, 10116, 3392, 3392, 2789, 3392, 3392, 32649, 3392, 3392, 24106, 3392, 3392, 11272, 3392, 3392, 17616, 3392, 3392, 13561, 3392, 3392, 40377, 3392, 3392, 32875, 3392, 3392, 21858, 3392, 3392, 40040, 3392, 3392, 18764, 3392, 3392, 19542, 3392, 3392, 6206, 3392, 3392, 877, 11628, 21452, 3392, 3392, 637, 495, 3624, 11, 8359, 6442, 2846, 220, 24, 13, 17, 5123, 306, 7843, 326, 220, 21, 13, 17, 5123, 306, 3392, 34309, 11, 33268, 480, 5151, 290, 601, 1242, 13, 7848, 395, 17624, 21452, 15043, 77, 3392, 24, 13, 17, 57225, 3392, 3392, 21, 13, 17, 57225, 3392, 3392, 30856, 34309, 3392, 3392, 1097, 7334, 30937, 3392, 3392, 110436, 656, 49792, 3726, 3392, 3392, 76710, 7357, 3911, 3392, 3392, 3, 16, 13, 3000, 44, 1127, 548, 16, 13, 2109, 44, 3392, 3392, 69000, 945, 25359, 1261, 481, 7437, 483, 5952, 6994, 13, 11899, 11, 481, 19780, 680, 5093, 548, 702, 11, 47281, 306, 3392, 184183, 13, 1951, 18801, 4220, 20399, 23428, 77, 3392, 25891, 261, 14279, 30838, 3392, 3392, 51, 6861, 1078, 220, 18, 5438, 2322, 1750, 18952, 15043, 77, 3392, 1816, 448, 306, 37383, 3019, 1078, 634, 2237, 1432, 326, 290, 57606, 5686, 2910, 15043, 77, 3392, 2303, 261, 2240, 8450, 3392, 3392, 877, 98582, 6771, 12668, 3392, 3392, 220, 425, 2381, 77, 3392, 3, 16, 11, 25431, 11, 1302, 3392, 3392, 21, 27154, 18, 59369, 17, 11, 44545, 24743, 16280, 3392, 3392, 58, 20771, 24, 13232, 280, 72980, 901, 11, 57606, 5686, 11, 45039, 220, 51742, 10116, 60, 18801, 36525, 27120, 830, 75, 10050, 536, 14, 20771, 24, 9406, 23466, 72980, 66126, 77, 695, 12, 51742, 10116, 36797, 14, 47423, 41472, 1265, 23428, 77, 3392, 220, 425, 2381, 77, 3392, 3, 16, 11, 40776, 11, 1302, 3392, 3392, 22, 27154, 19, 59369, 18, 11, 35367, 24743, 16280, 3392, 3392, 58, 22687, 23, 1689, 7198, 7063, 901, 11, 57606, 5686, 11, 45039, 220, 51742, 10116, 60, 18801, 36525, 27120, 830, 75, 10050, 536, 14, 22687, 23, 45326, 7198, 7063, 66126, 77, 695, 12, 51742, 10116, 36797, 14, 47423, 36354, 8540, 23428, 77, 3392, 220, 425, 2381, 77, 3392, 3, 42462, 11, 1302, 3392, 3392, 18, 27154, 16, 13, 20, 59369, 16, 11, 15752, 24743, 16280, 3392, 3392, 58, 18132, 22, 42086, 970, 1716, 16638, 11, 57606, 5686, 11, 45039, 220, 51742, 10116, 60, 18801, 36525, 27120, 830, 75, 10050, 536, 14, 18132, 22, 9665, 270, 970, 1716, 66126, 77, 36019, 12, 51742, 10116, 36797, 14, 42147, 29173, 2546, 23428, 77, 3392, 220, 425, 2381, 77, 3392, 3, 16, 11, 30586, 11, 9130, 3392, 3392, 20, 27154, 19, 59369, 18, 11, 7659, 24743, 16280, 3392, 3392, 58, 14642, 17, 8392, 17209, 7214, 901, 11, 57606, 5686, 11, 45039, 220, 51742, 10116, 60, 18801, 36525, 27120, 830, 75, 10050, 536, 14, 14642, 17, 10316, 280, 17209, 7214, 66126, 77, 695, 12, 51742, 10116, 36797, 14, 18438, 25506, 48913, 23428, 77, 3392, 220, 425, 2381, 77, 3392, 3, 38198, 11, 1302, 3392, 3392, 18, 27154, 16, 13, 20, 59369, 16, 11, 18881, 24743, 16280, 3392, 3392, 58, 26161, 17, 355, 394, 422, 2425, 901, 11, 57606, 5686, 11, 45039, 220, 51742, 10116, 60, 18801, 36525, 27120, 830, 75, 10050, 536, 14, 26161, 17, 9406, 394, 422, 2425, 66126, 77, 695, 12, 51742, 10116, 36797, 14, 47423, 41472, 5085, 23428, 77, 3392, 220, 425, 2381, 77, 3392, 3, 24987, 11, 1302, 3392, 3392, 18, 27154, 16, 13, 20, 59369, 49146, 24743, 16280, 3392, 3392, 58, 21401, 24, 355, 4370, 68935, 901, 11, 57606, 5686, 11, 45039, 220, 51742, 10116, 60, 18801, 36525, 27120, 830, 75, 10050, 536, 14, 21401, 24, 9406, 4370, 68935, 66126, 77, 695, 12, 51742, 10116, 36797, 14, 42147, 45958, 2109, 23428, 77, 3392, 1097, 945, 12668, 3392, 3392, 877, 2036, 25825, 395, 7357, 306, 220, 51742, 10116, 3392, 3392, 220, 425, 2381, 77, 3392, 3, 32088, 11, 1302, 3392, 3392, 17, 27154, 17, 59369, 46648, 24743, 16280, 3392, 3392, 58, 5080, 12, 18663, 17, 658, 13750, 43612, 273, 2064, 1069, 16813, 4625, 11, 57606, 5686, 11, 45039, 220, 51742, 10116, 60, 18801, 36525, 27120, 830, 75, 66126, 77, 15764, 14, 5080, 12, 18663, 17, 12249, 13750, 43612, 273, 95384, 12, 51742, 10116, 186505, 12, 16813, 4625, 36797, 14, 667, 25150, 7659, 23428, 77, 3392, 220, 425, 2381, 77, 3392, 3, 34619, 11, 1302, 3392, 3392, 18, 27154, 17, 59369, 16, 11, 47485, 24743, 16280, 3392, 3392, 58, 10165, 19, 14234, 394, 9967, 901, 11, 57606, 5686, 11, 45039, 220, 51742, 10116, 60, 18801, 36525, 27120, 830, 75, 10050, 536, 14, 10165, 19, 12249, 90325, 9967, 66126, 77, 695, 12, 51742, 10116, 36797, 14, 47423, 43503, 5007, 23428, 77, 3392, 220, 425, 2381, 77, 3392, 3, 39111, 11, 1302, 3392, 3392, 19, 27154, 17, 59369, 16, 11, 46295, 24743, 16280, 3392, 3392, 58, 20771, 19, 355, 6595, 13750, 901, 11, 57606, 5686, 11, 45039, 220, 51742, 10116, 60, 18801, 36525, 27120, 830, 75, 10050, 536, 14, 20771, 19, 9406, 6595, 13750, 66126, 77, 695, 12, 51742, 10116, 36797, 14, 47423, 42161, 2109, 23428, 77, 3392, 220, 425, 2381, 77, 3392, 3, 30586, 11, 1302, 3392, 3392, 17, 27154, 17, 59369, 47574, 24743, 16280, 3392, 3392, 58, 5080, 12, 49639, 108039, 3048, 901, 1069, 1311, 11, 57606, 5686, 11, 45039, 220, 51742, 10116, 60, 18801, 36525, 27120, 830, 75, 10050, 536, 14, 5080, 12, 49639, 131588, 296, 3048, 66126, 77, 695, 12, 51742, 10116, 186505, 12, 1311, 36797, 14, 667, 48315, 44008, 23428, 77, 3392, 877, 6136, 4824, 5862, 220, 667, 22, 11036, 78, 27522, 3808, 3392, 3392, 1186, 591, 751, 11722, 15043, 77, 3392, 5352, 91, 5952, 6994, 110243, 220, 2381, 77, 10356, 91, 10356, 220, 2381, 77, 58, 1323, 17, 11036, 78, 27522, 3808, 11, 57606, 5686, 11, 45039, 60, 18801, 36525, 27120, 830, 75, 10050, 536, 14, 1323, 17, 12249, 15150, 6189, 1361, 12, 5822, 12, 51742, 10116, 36797, 14, 42147, 31123, 9876, 392, 1323, 17, 11036, 78, 27522, 3808, 11, 57606, 5686, 11, 45039, 1405, 18, 74222, 1022, 220, 17, 74594, 1022, 220, 14785, 22, 67202, 13, 59896, 51836, 548, 44165, 11, 31517, 220, 2381, 77, 58, 1323, 22, 11036, 78, 27522, 3808, 11, 57606, 5686, 11, 45039, 60, 18801, 36525, 27120, 830, 75, 10050, 536, 14, 1323, 22, 12249, 15150, 6189, 1361, 12, 5822, 12, 51742, 10116, 36797, 14, 42147, 44062, 1709, 392, 1323, 22, 11036, 78, 27522, 3808, 11, 57606, 5686, 11, 45039, 1405, 18, 74222, 1022, 220, 18, 74594, 1022, 220, 9300, 18, 67202, 13, 59896, 51836, 548, 46850, 11, 48437, 220, 2381, 77, 5352, 91, 5952, 6994, 110243, 220, 2381, 77, 10356, 91, 10356, 220, 2381, 77, 58, 667, 15, 11036, 78, 27522, 3808, 11, 57606, 5686, 11, 45039, 60, 18801, 36525, 27120, 830, 75, 10050, 536, 14, 667, 15, 12249, 15150, 6189, 1361, 12, 5822, 12, 51742, 10116, 36797, 14, 42147, 42968, 4689, 392, 667, 15, 11036, 78, 27522, 3808, 11, 57606, 5686, 11, 45039, 1405, 19, 74222, 1022, 220, 17, 74594, 1022, 220, 18438, 20, 67202, 13, 59896, 51836, 548, 16, 11, 16680, 11, 41293, 220, 2381, 77, 58, 14754, 16, 11036, 78, 27522, 3808, 11, 57606, 5686, 11, 45039, 60, 18801, 36525, 27120, 830, 75, 10050, 536, 14, 14754, 16, 12249, 15150, 6189, 1361, 12, 5822, 12, 51742, 10116, 36797, 14, 42147, 30833, 8876, 392, 14754, 16, 11036, 78, 27522, 3808, 11, 57606, 5686, 11, 45039, 1405, 19, 74222, 1022, 220, 17, 74594, 1022, 220, 24437, 15, 67202, 13, 59896, 51836, 548, 49816, 11, 39937, 220, 2381, 77, 5352, 91, 5952, 6994, 110243, 220, 2381, 77, 10356, 91, 10356, 220, 2381, 77, 58, 667, 21, 11036, 78, 27522, 3808, 11, 57606, 5686, 11, 45039, 60, 18801, 36525, 27120, 830, 75, 10050, 536, 14, 667, 21, 12249, 15150, 6189, 1361, 12, 5822, 12, 51742, 10116, 36797, 14, 42147, 46004, 9989, 392, 667, 21, 11036, 78, 27522, 3808, 11, 57606, 5686, 11, 45039, 1405, 20, 74222, 1022, 220, 17, 74594, 1022, 220, 24960, 22, 67202, 13, 59896, 51836, 548, 16, 11, 13096, 11, 47930, 220, 2381, 77, 58, 1323, 18, 11036, 78, 27522, 3808, 11, 57606, 5686, 11, 45039, 60, 18801, 36525, 27120, 830, 75, 10050, 536, 14, 1323, 18, 12249, 15150, 6189, 1361, 12, 5822, 12, 51742, 10116, 36797, 14, 47423, 22275, 3898, 392, 1323, 18, 11036, 78, 27522, 3808, 11, 57606, 5686, 11, 45039, 1405, 18, 74222, 1022, 220, 17, 74594, 1022, 220, 7633, 17, 67202, 13, 59896, 51836, 548, 46254, 11, 37945, 220, 2381, 77, 220, 2381, 77, 8313, 945, 3392, 3392, 3895, 2164, 5181, 656, 19260, 50659, 37648, 1261, 2174, 12073, 306, 220, 1323, 18, 13, 1328, 59, 112900, 1340, 625, 3981, 751, 11722, 13, 15983, 945, 15043, 77, 3392, 877, 4633, 1374, 12106, 7416, 3392, 3392, 220, 220, 16, 13, 723, 7805, 6994, 20614, 4172, 1684, 3064, 30801, 6994, 1136, 23428, 77, 220, 220, 17, 13, 723, 39, 158508, 20614, 4172, 1684, 3064, 30801, 6994, 1136, 142279, 37632, 158508, 23428, 77, 220, 220, 18, 13, 723, 137706, 75, 5686, 20614, 4172, 1684, 3064, 30801, 6994, 1136, 4308, 536, 14, 9444, 9912, 14, 36525, 27120, 830, 75, 10050, 536, 23428, 77, 220, 220, 19, 13, 220, 667, 22, 11036, 78, 27522, 3808, 11, 57606, 5686, 11, 45039, 220, 51742, 10116, 3392, 3392, 220, 425, 58655, 3392, 220, 425, 43215, 46075, 3392, 220, 425, 84329, 82, 3392, 220, 425, 29386, 148973, 3392, 3392, 58, 58724, 109138, 12668, 395, 7357, 60, 18801, 17500, 14, 33190, 2548, 14, 36525, 37632, 263, 109138, 47976, 1022, 1022, 256, 2381, 77, 10356, 91, 10356, 91, 10356, 91, 10356, 220, 2381, 77, 145915, 26913, 13397, 12668, 395, 7357, 60, 18801, 17500, 14, 9244, 22, 14, 36525, 36147, 26913, 90430, 678, 47976, 1022, 1022, 256, 2381, 77, 137571, 663, 2425, 12668, 395, 7357, 60, 18801, 17500, 14, 47623, 15, 14, 36525, 52565, 663, 2425, 47976, 1022, 1022, 256, 2381, 77, 58, 45717, 1157, 12668, 395, 7357, 60, 18801, 160243, 14, 45717, 1157, 47976, 1022, 1022, 256, 2381, 77, 10356, 91, 10356, 91, 10356, 91, 10356, 220, 2381, 77, 58, 51742, 10116, 12668, 395, 7357, 60, 18801, 160243, 14, 51742, 10116, 47976, 1022, 1022, 256, 2381, 77, 58, 45717, 858, 12668, 395, 7357, 60, 18801, 160243, 14, 45717, 858, 47976, 1022, 1022, 256, 2381, 77, 58, 51742, 2290, 12668, 395, 7357, 60, 18801, 160243, 14, 51742, 2290, 47976, 1022, 1022, 256, 2381, 77, 58, 51742, 5170, 12668, 395, 7357, 60, 18801, 160243, 14, 51742, 5170, 47976, 1022, 1022, 256, 2381, 77, 58, 46, 30761, 14226, 12668, 395, 7357, 60, 18801, 611, 53111, 14, 41345, 27707, 14, 36525, 37632, 263, 109138, 37469, 30761, 82202, 2117, 47976, 1022, 1022, 256, 2381, 77, 10356, 91, 10356, 91, 10356, 91, 10356, 220, 2381, 77, 132164, 830, 75, 5686, 12668, 395, 7357, 60, 18801, 611, 53111, 14, 38498, 42870, 14, 36525, 27120, 830, 75, 10050, 536, 27120, 830, 75, 10050, 536, 47976, 1022, 1022, 256, 2381, 77, 58, 48558, 64984, 36, 1708, 12668, 395, 7357, 60, 18801, 611, 53111, 14, 38120, 19267, 14, 36525, 27120, 830, 75, 10050, 536, 14, 48558, 15684, 1708, 47976, 1022, 1022, 256, 2381, 77, 58, 159799, 8392, 276, 4250, 12668, 395, 7357, 60, 18801, 611, 53111, 14, 13989, 17385, 14, 36525, 27120, 830, 75, 10050, 536, 27120, 96290, 10316, 12375, 4250, 47976, 1022, 1022, 256, 2381, 77, 58, 39, 26940, 395, 9462, 306, 57606, 5686, 60, 18801, 17500, 14, 9444, 9912, 14, 36525, 27120, 830, 75, 10050, 536, 14174, 26940, 26116, 6335, 299, 47976, 59, 77, 58, 112240, 5862, 668, 60, 18801, 264, 3271, 914, 47402, 277, 25323, 47976, 723, 42, 42159, 72, 11, 45039, 12668, 395, 3392, 64157, 60, 18801, 17500, 14, 48056, 18, 14, 36525, 52565, 42159, 72, 47976, 723, 137706, 75, 5686, 48298, 14208, 60, 18801, 17500, 14, 9444, 9912, 14, 36525, 27120, 830, 75, 66126, 77, 15764, 14174, 32293, 83318, 8, 220, 2381, 77, 10356, 91, 10356, 91, 10356, 91, 10356, 220, 2381, 77, 58, 39, 26940, 395, 7357, 5862, 668, 60, 18801, 53599, 47402, 277, 25323, 47976, 723, 58724, 109138, 11, 45039, 12668, 395, 3392, 64157, 60, 18801, 17500, 14, 33190, 2548, 14, 36525, 37632, 263, 109138, 47976, 723, 36, 26913, 13397, 11, 45039, 12668, 395, 3392, 64157, 60, 18801, 17500, 14, 9244, 22, 14, 36525, 36147, 26913, 90430, 678, 47976, 220, 2381, 77, 58, 29263, 395, 7357, 5862, 668, 60, 18801, 2117, 47402, 277, 25323, 47976, 723, 42, 663, 2425, 12249, 3180, 11, 45039, 12668, 395, 3392, 64157, 60, 18801, 17500, 14, 44941, 18, 14, 36525, 52565, 663, 2425, 47976, 723, 42, 122719, 273, 11, 45039, 12668, 395, 3392, 64157, 60, 18801, 17500, 14, 28563, 20, 14, 36525, 52565, 122719, 273, 47976, 220, 2381, 77, 58, 6447, 82457, 5862, 668, 60, 18801, 3843, 4559, 26940, 47402, 277, 25323, 47976, 723, 39, 7533, 11, 45039, 12668, 395, 3392, 64157, 60, 18801, 17500, 14, 37174, 22, 14, 36525, 37632, 7533, 47976, 723, 137706, 75, 5686, 14069, 3392, 29555, 60, 18801, 82, 55873, 14, 9444, 9912, 14, 36525, 37632, 263, 109138, 12, 73657, 27120, 830, 75, 10050, 536, 47976, 220, 2381, 77, 58, 11870, 365, 395, 7357, 5862, 668, 60, 18801, 1893, 365, 47402, 277, 25323, 47976, 723, 42, 663, 2425, 11, 45039, 12668, 395, 3392, 64157, 60, 18801, 17500, 14, 47623, 15, 14, 36525, 52565, 663, 2425, 47976, 723, 36525, 2036, 69379, 60, 18801, 82, 55873, 14, 36525, 52644, 376, 4559, 31572, 47976, 220, 2381, 77, 220, 2381, 77, 58, 46759, 14282, 290, 5952, 6994, 2583, 402, 290, 10124, 2583, 12600, 20614, 4172, 1684, 44343, 1081, 30621, 66126, 77, 1291, 6994, 1136, 10315, 168898, 19029, 191599, 37113, 110844, 66126, 7291, 135630, 12, 31250, 87, 9928, 6820, 15710, 7, 4172, 1684, 1291, 6994, 5158, 296, 881, 20272, 14, 3403, 22, 71, 10407, 74, 3618, 378, 36370, 23428, 77, 3392, 58, 46759, 14282, 290, 5952, 6994, 2583, 591, 290, 5800, 9103, 12600, 20614, 4172, 1684, 44343, 1081, 30621, 66126, 77, 1291, 6994, 1136, 10315, 168898, 19029, 78399, 37113, 110844, 66126, 7291, 135630, 12, 31250, 87, 9928, 6820, 15710, 7, 4172, 1684, 1291, 6994, 5158, 296, 881, 20272, 14, 3403, 22, 71, 10407, 74, 3618, 378, 36370, 23428, 77, 3392, 12416, 765, 3392, 3392, 58, 80810, 448, 28237, 20614, 4172, 1684, 11355, 409, 30801, 6994, 1136, 14, 13187, 49572, 379, 23428, 77, 3392, 58, 1816, 87374, 20614, 4172, 1684, 3064, 30801, 6994, 1136, 14, 140466, 23428, 77, 3392, 58, 32158, 409, 20614, 4172, 1684, 11355, 409, 30801, 6994, 1136, 125987, 26870, 23428, 77, 3392, 11437, 12668, 16107, 3392, 3392, 58, 46759, 14282, 290, 5952, 6994, 2583, 402, 290, 10124, 2583, 12600, 20614, 4172, 1684, 44343, 1081, 30621, 66126, 77, 1291, 6994, 1136, 10315, 168898, 19029, 191599, 37113, 110844, 66126, 7291, 135630, 12, 31250, 87, 9928, 6820, 15710, 7, 4172, 1684, 1291, 6994, 5158, 296, 881, 20272, 14, 3403, 22, 71, 10407, 74, 3618, 378, 36370, 23428, 77, 3392, 58, 46759, 14282, 290, 5952, 6994, 2583, 591, 290, 5800, 9103, 12600, 20614, 4172, 1684, 44343, 1081, 30621, 66126, 77, 1291, 6994, 1136, 10315, 168898, 19029, 78399, 37113, 110844, 66126, 7291, 135630, 12, 31250, 87, 9928, 6820, 15710, 7, 4172, 1684, 1291, 6994, 5158, 296, 881, 20272, 14, 3403, 22, 71, 10407, 74, 3618, 378, 36370, 23428, 77, 3392, 8543, 765, 3392, 3392, 58, 13903, 5952, 6994, 30, 60, 18801, 60291, 57898, 6994, 23428, 77, 3392, 58, 38698, 37946, 20614, 4172, 1684, 11355, 409, 30801, 6994, 1136, 194568, 168103, 23428, 77, 3392, 58, 637, 15482, 20614, 4172, 1684, 11355, 409, 30801, 6994, 1136, 26985, 15482, 23428, 77, 3392, 58, 27182, 540, 5952, 6994, 20614, 4172, 1684, 11355, 409, 30801, 6994, 1136, 166041, 6994, 40384, 23428, 77, 3392, 58, 7572, 20614, 4172, 1684, 3064, 30801, 6994, 1136, 49003, 14, 2020, 11418, 14, 23428, 77, 3392, 58, 37416, 914, 20614, 4172, 1684, 380, 13, 92419, 126324, 1136, 14, 23428, 77, 3392, 58, 21826, 20614, 4172, 1684, 3064, 30801, 6994, 1136, 56333, 14, 23428, 77, 3392, 58, 16418, 22603, 5984, 20614, 4172, 1684, 3064, 30801, 6994, 1136, 49003, 14, 23428, 77, 3392, 11437, 765, 3392, 3392, 58, 9133, 5268, 60, 18801, 15551, 99001, 46136, 23428, 77, 3392, 58, 14470, 7249, 20614, 4172, 1684, 44859, 30801, 6994, 1136, 14174, 66, 26870, 46136, 23428, 77, 3392, 30898, 1096, 3392, 3392, 220, 425, 98971, 4172, 1684, 3064, 31777, 1136, 166041, 6994, 392, 7805, 6994, 7006, 1405, 59, 77, 220, 425, 98971, 4172, 1684, 33177, 1136, 14, 7805, 6994, 392, 7805, 6994, 10462, 1405, 59, 77, 220, 425, 98971, 4172, 1684, 3064, 1370, 163493, 1136, 78654, 1291, 6994, 13187, 88418, 392, 7805, 6994, 46323, 41032, 1405, 59, 77, 220, 425, 98971, 4172, 1684, 3064, 102607, 1136, 166041, 6994, 13187, 88418, 14, 392, 7805, 6994, 13713, 1405, 59, 77, 3392, 139463, 9175, 8526, 3392, 3392, 58, 56915, 13, 20614, 4172, 1684, 3064, 2951, 299, 1136, 14, 23428, 77, 3392, 58, 110676, 46216, 20614, 4172, 1684, 3064, 6672, 4546, 51283, 1136, 14, 23428, 77, 3392, 31849, 110805, 8084, 3392, 3392, 115069, 4713, 23015, 20614, 4172, 1684, 3064, 13, 92419, 8722, 1136, 14, 23428, 77, 3392, 115069, 4713, 63239, 20614, 4172, 1684, 3064, 13, 92419, 143252, 16885, 1136, 14, 23428, 77, 3392, 86959, 3392, 3392, 46759, 3042, 9641, 20614, 4172, 1684, 44343, 1081, 30621, 57898, 6994, 1136, 10315, 168898, 19029, 65612, 14, 24254, 65161, 2106, 66126, 31416, 1381, 6820, 8, 39634, 6737, 3392, 3392, 58, 46759, 119632, 9641, 20614, 4172, 1684, 44343, 1081, 30621, 66126, 77, 1291, 6994, 1136, 10315, 168898, 19029, 65612, 14, 24254, 4308, 270, 1194, 6820, 8, 63213, 20614, 4172, 1684, 3064, 30801, 6994, 39068, 23428, 77, 3392, 23912, 25, 19369, 220, 1323, 21, 5952, 6994, 13, 2545, 6393, 9924, 15043, 77, 3392, 18581, 8051, 220, 1323, 20, 25, 4534, 17437, 11, 481, 10758, 316, 290, 723, 44391, 328, 3392, 8470, 60, 18801, 15551, 14, 39463, 13108, 35520, 936, 326, 723, 63801, 15282, 60, 18801, 15551, 175341, 151476, 182166, 77, 3392, 58, 6449, 625, 7437, 503, 5143, 922, 3832, 2164, 60, 18801, 15551, 175341, 4308, 12163, 182166, 77, 3392, 1099, 6624, 965, 326, 722, 45309, 26651, 46908, 11, 187638, 99838, 11, 326, 290, 460, 60640, 11, 553, 49207, 328, 3392, 7805, 6994, 20534, 11, 14000, 503, 27977, 306, 290, 108666, 5684, 15043, 77, 3392, 78750, 415, 1099, 1069, 27369, 25050, 1130, 3392, 3392, 7805, 6994, 382, 21816, 316, 621, 2413, 306, 2036, 6175, 472, 5952, 6994, 8702, 22603, 13, 723, 24202, 3392, 21996, 60668, 3392, 107426, 1609, 20614, 4172, 1684, 1291, 6994, 2234, 5912, 7001, 5031, 4308, 17, 30318, 66, 6283, 10353, 74, 166041, 6994, 13000, 18102, 736, 66126, 77, 36672, 2110, 95994, 1365, 9666, 2050, 1609, 392, 24202, 16574, 60668, 129817, 1405, 59, 77, 3392, 3443, 19725, 723, 16418, 22603, 14186, 6694, 20614, 4172, 1684, 44343, 1081, 30621, 66126, 77, 1291, 6994, 1136, 10315, 168898, 19029, 18292, 76, 12, 197250, 166041, 6994, 13000, 152402, 2424, 62, 197250, 30948, 392, 3443, 3392, 134721, 8702, 22603, 14186, 6694, 1405, 59, 77, 3392, 51, 81217, 25, 723, 2134, 12958, 197833, 9705, 20614, 4172, 1684, 44343, 1081, 30621, 66126, 77, 1291, 6994, 1136, 10315, 168898, 19029, 91028, 14, 62558, 6321, 45742, 14, 6503, 288, 30948, 936, 723, 28290, 28402, 3392, 40640, 20614, 4172, 1684, 3064, 1370, 9285, 122811, 288, 22493, 58621, 14, 72837, 9666, 90592, 36155, 603, 23428, 77, 3392, 2594, 23503, 53612, 3891, 326, 2164, 553, 5181, 656, 75269, 63239, 11, 18619, 1022, 478, 55683, 1069, 23071, 15, 26, 723, 3064, 4439, 55683, 28290, 7324, 4519, 20614, 4172, 1684, 3064, 4439, 55683, 28290, 7324, 4519, 741, 723, 113649, 306, 220, 1434, 9407, 20614, 4172, 1684, 3064, 13, 92419, 143252, 16885, 1136, 86088, 80708, 71329, 12, 197250, 741, 1328, 2702, 382, 625, 30812, 656, 290, 2036, 6175, 5388, 9715, 328, 20911, 9705, 395, 23503, 156797, 503, 11648, 9391, 8173, 7168, 316, 8359, 7567, 306, 290, 5388, 328, 2036, 6175, 15043, 77, 3392, 7805, 6994, 20534, 382, 448, 43105, 2413, 328, 75269, 23182, 59550, 15043, 77, 7919, 3175, 11, 326, 1043, 109254, 11, 553, 13574, 7749, 26291, 32030, 326, 3392, 55742, 1819, 1617, 2316, 6411, 326, 48123, 21207, 15043, 77, 3392, 3335, 481, 553, 2360, 261, 6188, 10958, 11, 503, 4566, 17923, 6085, 495, 3438, 51674, 77, 48576, 2421, 5952, 6994, 15193, 12947, 395, 1652, 540, 3392, 58, 16, 12, 44827, 12, 50891, 12, 45912, 17, 20614, 36445, 25, 16, 12, 44827, 12, 50891, 12, 45912, 17, 182166, 77, 3392, 58, 46759, 5676, 48298, 64863, 20614, 4172, 1684, 44343, 1081, 30621, 66126, 77, 1291, 6994, 1136, 10315, 168898, 19029, 65612, 25451, 6129, 4559, 32293, 6820, 15710, 18801, 15551, 14, 39463, 13108, 66126, 77, 1821, 2, 5676, 4391, 32293, 62, 177856, 8, 1099, 6624, 965, 5436, 10434, 175596, 7918, 6178, 16520, 196428, 14572, 5135, 174346, 3392, 30333, 3042, 2694, 28176, 6178, 457, 30637, 19109, 9895, 99310, 28176, 13, 34406, 45309, 26651, 19780, 50, 723, 5599, 4368, 44188, 3042, 2694, 3392, 79634, 70536, 60, 18801, 15551, 11502, 1517, 4559, 32293, 151476, 8, 6178, 5135, 723, 33569, 83192, 49021, 174346, 44188, 3042, 2694, 3392, 188273, 20614, 4172, 1684, 3064, 1380, 365, 1835, 88, 22493, 12516, 28218, 51321, 27092, 1517, 158832, 40640, 13000, 30948, 182166, 77, 3392, 19936, 96393, 63367, 5181, 656, 3392, 58, 19936, 96393, 4519, 20614, 2903, 1684, 3064, 1940, 1123, 192346, 4519, 14, 182166, 77, 3392, 1542, 200007, 200006, 173781, 200005, 17196, 200008, 976, 2237, 540, 220, 21283, 17, 197588, 62540, 40095, 306, 57606, 5686, 11, 40747, 11, 8754, 395, 548, 16, 11, 9659, 11, 1302, 306, 220, 1323, 17, 13, 623, 2237, 540, 220, 667, 22, 11036, 78, 27522, 20944, 8754, 395, 548, 9752, 11, 1302, 306, 220, 1323, 17, 13, 19233, 11, 290, 2237, 540, 220, 21283, 17, 197588, 62540, 40095, 8754, 395, 945, 306, 220, 1323, 17, 364, 12, 220, 21283, 17, 197588, 62540, 40095, 25, 548, 16, 11, 9659, 11, 1302, 198, 12, 220, 667, 22, 11036, 78, 27522, 20944, 25, 548, 9752, 11, 1302, 200002]"
1068,149,1,[5],"[200006, 17360, 200008, 3575, 553, 17554, 162016, 11, 261, 4410, 6439, 2359, 22203, 656, 7788, 17527, 558, 87447, 100594, 25, 220, 1323, 19, 12, 3218, 198, 6576, 3521, 25, 220, 1323, 21, 12, 3000, 12, 3000, 279, 30377, 289, 25, 14093, 279, 2, 13888, 18403, 25, 8450, 11, 49159, 11, 1721, 13, 21030, 2804, 413, 7360, 395, 1753, 3176, 558, 63446, 316, 1879, 8437, 2804, 810, 316, 290, 49159, 9334, 25, 461, 44580, 6120, 200007, 200006, 77944, 200008, 2, 20574, 279, 877, 9964, 279, 4797, 9964, 95359, 6318, 3322, 483, 261, 10185, 5701, 6011, 558, 2493, 622, 20405, 21978, 314, 11350, 25, 10168, 623, 4170, 328, 290, 41844, 484, 382, 21482, 316, 290, 5296, 16547, 456, 78225, 1537, 25, 1621, 412, 9263, 871, 1062, 502, 92, 602, 9819, 9964, 200007, 200006, 17360, 200008, 3575, 553, 93594, 261, 3566, 328, 13816, 13, 355, 22682, 665, 413, 261, 3566, 328, 19297, 503, 261, 4590, 11793, 13, 11555, 22682, 382, 5371, 316, 17722, 261, 4857, 3675, 328, 5296, 13, 4886, 3349, 6664, 123177, 13638, 316, 261, 9595, 22682, 11, 9278, 261, 620, 22682, 395, 261, 5296, 11, 5178, 13, 200007, 200006, 1428, 200008, 3575, 1309, 316, 14975, 290, 5296, 316, 261, 22682, 4596, 558, 976, 3100, 328, 290, 5296, 382, 1402, 2900, 177016, 5975, 395, 7178, 2237, 7155, 1238, 306, 57606, 5686, 11, 40747, 11, 16515, 395, 290, 20866, 220, 21283, 17, 197588, 62540, 40095, 326, 220, 667, 22, 11036, 78, 27522, 20944, 11, 316, 1646, 842, 1118, 2237, 8754, 395, 945, 306, 220, 1323, 17, 558, 2900, 105090, 279, 12253, 553, 1236, 6623, 2164, 1078, 290, 5296, 1402, 27022, 104259, 2694, 99822, 169349, 94270, 14572, 5135, 457, 30637, 52050, 5121, 5436, 7116, 3203, 174789, 11, 21371, 182884, 67758, 13, 19461, 112742, 353, 47176, 8734, 8033, 182884, 30962, 6178, 112742, 7116, 104259, 8734, 8033, 3203, 174789, 558, 2900, 177016, 8505, 198, 2900, 105090, 279, 41463, 382, 290, 2164, 328, 290, 9595, 22682, 15749, 13, 623, 6011, 382, 464, 1240, 62606, 27, 9186, 62606, 27, 69631, 6744, 29, 364, 2900, 177016, 27, 39398, 31088, 21, 62606, 27, 32, 10297, 29186, 484, 665, 3684, 290, 1880, 11, 13424, 53556, 3100, 11, 66687, 10327, 10370, 11, 326, 31053, 12331, 2164, 13, 62606, 27, 30616, 25, 3684, 95334, 11, 3684, 3567, 5368, 11, 3684, 3567, 5368, 3067, 26422, 11, 3684, 81741, 3276, 54968, 5342, 11, 13424, 61043, 16500, 11, 28248, 6236, 11, 3810, 67587, 138995, 44960, 523, 27, 26568, 34216, 18, 62606, 27, 32, 10297, 29186, 484, 665, 2273, 261, 7968, 328, 2698, 326, 13571, 13427, 11, 3463, 17625, 11, 6806, 87, 11, 7493, 11, 11065, 11, 326, 3823, 11, 5178, 13, 62606, 27, 30616, 25, 13424, 61043, 16500, 11, 3810, 67587, 138995, 10607, 11, 3810, 67587, 138995, 67826, 11, 3810, 67587, 138995, 44960, 11, 15792, 8330, 523, 27, 39739, 35205, 19, 62606, 27, 32, 10297, 29186, 484, 50847, 306, 57927, 11, 22458, 11, 326, 12323, 19383, 6291, 13, 5551, 11, 480, 6284, 3158, 290, 6179, 316, 3684, 395, 2164, 13, 1843, 290, 5296, 10860, 22752, 20860, 11, 480, 1757, 413, 21254, 316, 15792, 290, 3490, 1934, 5281, 480, 13, 62606, 27, 30616, 25, 15792, 8330, 11, 13424, 123860, 16500, 11, 13424, 61043, 16500, 3037, 2900, 105090, 279, 3575, 2804, 622, 290, 4170, 328, 290, 22682, 4596, 484, 481, 2411, 382, 1645, 18777, 328, 5306, 290, 5296, 558, 3335, 2208, 1543, 15921, 4414, 57927, 503, 22458, 11, 326, 290, 1543, 15921, 382, 625, 7168, 316, 50414, 12229, 7124, 350, 68, 1940, 13, 17437, 290, 6179, 936, 481, 1757, 1632, 290, 22682, 4596, 483, 5532, 57927, 503, 22458, 31631, 316, 621, 480, 13, 793, 200007, 200006, 173781, 200005, 17196, 200008, 40200, 456, 78225, 1537, 2337, 461, 39398, 31088, 21, 17352, 200007, 200006, 173781, 316, 28, 44580, 32620, 20405, 21978, 200005, 12606, 815, 5701, 200008, 10848, 456, 78225, 1537, 1243, 392, 39398, 31088, 21, 18583, 200012, 200006, 44580, 32620, 20405, 21978, 316, 28, 173781, 200005, 12606, 815, 200008, 40200, 456, 78225, 1537, 2337, 461, 39398, 31088, 21, 17352, 200007, 200006, 1428, 200008, 3575, 1309, 316, 14975, 290, 5296, 316, 261, 22682, 4596, 558, 976, 3100, 328, 290, 5296, 382, 1402, 2900, 177016, 33282, 290, 7357, 8451, 395, 2973, 220, 21283, 17, 197588, 62540, 40095, 326, 220, 667, 22, 11036, 78, 27522, 20944, 591, 290, 3684, 4376, 11, 26386, 290, 8451, 553, 13392, 2935, 179663, 503, 26964, 9610, 558, 2900, 105090, 279, 12253, 553, 1236, 6623, 2164, 1078, 290, 5296, 1402, 27022, 104259, 2694, 99822, 169349, 94270, 14572, 5135, 457, 30637, 52050, 5121, 5436, 7116, 3203, 174789, 11, 21371, 182884, 67758, 13, 19461, 112742, 353, 47176, 8734, 8033, 182884, 30962, 6178, 112742, 7116, 104259, 8734, 8033, 3203, 174789, 558, 2900, 177016, 8505, 198, 2900, 105090, 279, 41463, 382, 290, 2164, 328, 290, 9595, 22682, 15749, 13, 623, 6011, 382, 464, 1240, 62606, 27, 9186, 62606, 27, 69631, 6744, 29, 364, 2900, 177016, 27, 39398, 31088, 21, 62606, 27, 32, 10297, 29186, 484, 665, 3684, 290, 1880, 11, 13424, 53556, 3100, 11, 66687, 10327, 10370, 11, 326, 31053, 12331, 2164, 13, 62606, 27, 30616, 25, 3684, 95334, 11, 3684, 3567, 5368, 11, 3684, 3567, 5368, 3067, 26422, 11, 3684, 81741, 3276, 54968, 5342, 11, 13424, 61043, 16500, 11, 28248, 6236, 11, 3810, 67587, 138995, 44960, 11, 622, 20405, 21978, 523, 27, 26568, 34216, 18, 62606, 27, 32, 10297, 29186, 484, 665, 2273, 261, 7968, 328, 2698, 326, 13571, 13427, 11, 3463, 17625, 11, 6806, 87, 11, 7493, 11, 11065, 11, 326, 3823, 11, 5178, 13, 62606, 27, 30616, 25, 13424, 61043, 16500, 11, 3810, 67587, 138995, 10607, 11, 3810, 67587, 138995, 67826, 11, 3810, 67587, 138995, 44960, 11, 15792, 8330, 523, 27, 39739, 35205, 19, 62606, 27, 32, 10297, 29186, 484, 50847, 306, 57927, 11, 22458, 11, 326, 12323, 19383, 6291, 13, 5551, 11, 480, 6284, 3158, 290, 6179, 316, 3684, 395, 2164, 13, 1843, 290, 5296, 10860, 22752, 20860, 11, 480, 1757, 413, 21254, 316, 15792, 290, 3490, 1934, 5281, 480, 13, 62606, 27, 30616, 25, 15792, 8330, 11, 13424, 123860, 16500, 11, 13424, 61043, 16500, 3037, 2900, 105090, 279, 3575, 2804, 622, 290, 4170, 328, 290, 22682, 4596, 484, 481, 2411, 382, 1645, 18777, 328, 5306, 290, 5296, 558, 3335, 2208, 1543, 15921, 4414, 57927, 503, 22458, 11, 326, 290, 1543, 15921, 382, 625, 7168, 316, 50414, 12229, 7124, 350, 68, 1940, 13, 17437, 290, 6179, 936, 481, 1757, 1632, 290, 22682, 4596, 483, 5532, 57927, 503, 22458, 31631, 316, 621, 480, 13, 793, 200007, 200006, 173781, 200005, 35644, 200008, 976, 5296, 25, 392, 33282, 290, 7357, 8451, 395, 2973, 220, 21283, 17, 197588, 62540, 40095, 326, 220, 667, 22, 11036, 78, 27522, 20944, 591, 290, 3684, 4376, 11, 26386, 290, 8451, 553, 13392, 2935, 179663, 503, 26964, 9610, 6635, 2500, 10860, 4566, 3684, 4376, 4279, 30, 623, 5880, 5296, 673, 316, 3684, 395, 7178, 2237, 7155, 1238, 13, 4569, 6960, 673, 21482, 316, 22682, 220, 39398, 31088, 21, 350, 2624, 741, 6549, 581, 1309, 316, 13424, 7357, 8451, 591, 290, 3684, 4376, 13, 1328, 382, 2928, 1078, 117088, 591, 1880, 3100, 11, 625, 12914, 57927, 503, 22458, 13, 623, 22682, 483, 1880, 3684, 326, 48166, 23736, 382, 220, 39398, 31088, 21, 13, 1225, 1217, 853, 622, 20405, 21978, 4584, 13, 2632, 14975, 316, 220, 39398, 31088, 21, 13, 200007, 200006, 173781, 200005, 17196, 200008, 40200, 456, 78225, 1537, 2337, 461, 39398, 31088, 21, 17352, 200002]"
1084,81,1,[6],"[200006, 17360, 200008, 3575, 553, 17554, 162016, 11, 261, 4410, 6439, 2359, 22203, 656, 7788, 17527, 558, 87447, 100594, 25, 220, 1323, 19, 12, 3218, 198, 6576, 3521, 25, 220, 1323, 21, 12, 3000, 12, 3000, 279, 30377, 289, 25, 14093, 279, 2, 13888, 18403, 25, 8450, 11, 49159, 11, 1721, 13, 21030, 2804, 413, 7360, 395, 1753, 3176, 558, 63446, 316, 1879, 8437, 2804, 810, 316, 290, 49159, 9334, 25, 461, 44580, 6120, 200007, 200006, 77944, 200008, 2, 20574, 279, 877, 9964, 279, 4797, 9964, 95359, 6318, 3322, 483, 261, 10185, 5701, 6011, 558, 2493, 622, 20405, 21978, 314, 11350, 25, 10168, 623, 4170, 328, 290, 41844, 484, 382, 21482, 316, 290, 5296, 16547, 456, 78225, 1537, 25, 1621, 412, 9263, 871, 1062, 502, 92, 602, 9819, 9964, 200007, 200006, 17360, 200008, 3575, 553, 93594, 261, 3566, 328, 13816, 13, 355, 22682, 665, 413, 261, 3566, 328, 19297, 503, 261, 4590, 11793, 13, 11555, 22682, 382, 5371, 316, 17722, 261, 4857, 3675, 328, 5296, 13, 4886, 3349, 6664, 123177, 13638, 316, 261, 9595, 22682, 11, 9278, 261, 620, 22682, 395, 261, 5296, 11, 5178, 13, 200007, 200006, 1428, 200008, 3575, 1309, 316, 14975, 290, 5296, 316, 261, 22682, 4596, 558, 976, 3100, 328, 290, 5296, 382, 1402, 2900, 177016, 5975, 395, 7178, 2237, 7155, 1238, 306, 57606, 5686, 11, 40747, 11, 16515, 395, 290, 20866, 220, 21283, 17, 197588, 62540, 40095, 326, 220, 667, 22, 11036, 78, 27522, 20944, 11, 316, 1646, 842, 1118, 2237, 8754, 395, 945, 306, 220, 1323, 17, 558, 2900, 105090, 279, 12253, 553, 1236, 6623, 2164, 1078, 290, 5296, 1402, 27022, 104259, 2694, 99822, 169349, 94270, 14572, 5135, 457, 30637, 52050, 5121, 5436, 7116, 3203, 174789, 11, 21371, 182884, 67758, 13, 19461, 112742, 353, 47176, 8734, 8033, 182884, 30962, 6178, 112742, 7116, 104259, 8734, 8033, 3203, 174789, 558, 2900, 177016, 8505, 198, 2900, 105090, 279, 41463, 382, 290, 2164, 328, 290, 9595, 22682, 15749, 13, 623, 6011, 382, 464, 1240, 62606, 27, 9186, 62606, 27, 69631, 6744, 29, 364, 2900, 177016, 27, 39398, 31088, 21, 62606, 27, 32, 10297, 29186, 484, 665, 3684, 290, 1880, 11, 13424, 53556, 3100, 11, 66687, 10327, 10370, 11, 326, 31053, 12331, 2164, 13, 62606, 27, 30616, 25, 3684, 95334, 11, 3684, 3567, 5368, 11, 3684, 3567, 5368, 3067, 26422, 11, 3684, 81741, 3276, 54968, 5342, 11, 13424, 61043, 16500, 11, 28248, 6236, 11, 3810, 67587, 138995, 44960, 523, 27, 26568, 34216, 18, 62606, 27, 32, 10297, 29186, 484, 665, 2273, 261, 7968, 328, 2698, 326, 13571, 13427, 11, 3463, 17625, 11, 6806, 87, 11, 7493, 11, 11065, 11, 326, 3823, 11, 5178, 13, 62606, 27, 30616, 25, 13424, 61043, 16500, 11, 3810, 67587, 138995, 10607, 11, 3810, 67587, 138995, 67826, 11, 3810, 67587, 138995, 44960, 11, 15792, 8330, 523, 27, 39739, 35205, 19, 62606, 27, 32, 10297, 29186, 484, 50847, 306, 57927, 11, 22458, 11, 326, 12323, 19383, 6291, 13, 5551, 11, 480, 6284, 3158, 290, 6179, 316, 3684, 395, 2164, 13, 1843, 290, 5296, 10860, 22752, 20860, 11, 480, 1757, 413, 21254, 316, 15792, 290, 3490, 1934, 5281, 480, 13, 62606, 27, 30616, 25, 15792, 8330, 11, 13424, 123860, 16500, 11, 13424, 61043, 16500, 3037, 2900, 105090, 279, 3575, 2804, 622, 290, 4170, 328, 290, 22682, 4596, 484, 481, 2411, 382, 1645, 18777, 328, 5306, 290, 5296, 558, 3335, 2208, 1543, 15921, 4414, 57927, 503, 22458, 11, 326, 290, 1543, 15921, 382, 625, 7168, 316, 50414, 12229, 7124, 350, 68, 1940, 13, 17437, 290, 6179, 936, 481, 1757, 1632, 290, 22682, 4596, 483, 5532, 57927, 503, 22458, 31631, 316, 621, 480, 13, 793, 200007, 200006, 173781, 200005, 17196, 200008, 40200, 456, 78225, 1537, 2337, 461, 39398, 31088, 21, 17352, 200007, 200006, 173781, 316, 28, 44580, 32620, 20405, 21978, 200005, 12606, 815, 5701, 200008, 10848, 456, 78225, 1537, 1243, 392, 39398, 31088, 21, 18583, 200012, 200006, 44580, 32620, 20405, 21978, 316, 28, 173781, 200005, 12606, 815, 200008, 40200, 456, 78225, 1537, 2337, 461, 39398, 31088, 21, 17352, 200007, 200006, 1428, 200008, 3575, 1309, 316, 14975, 290, 5296, 316, 261, 22682, 4596, 558, 976, 3100, 328, 290, 5296, 382, 1402, 2900, 177016, 33282, 290, 7357, 8451, 395, 2973, 220, 21283, 17, 197588, 62540, 40095, 326, 220, 667, 22, 11036, 78, 27522, 20944, 591, 290, 3684, 4376, 11, 26386, 290, 8451, 553, 13392, 2935, 179663, 503, 26964, 9610, 558, 2900, 105090, 279, 12253, 553, 1236, 6623, 2164, 1078, 290, 5296, 1402, 27022, 104259, 2694, 99822, 169349, 94270, 14572, 5135, 457, 30637, 52050, 5121, 5436, 7116, 3203, 174789, 11, 21371, 182884, 67758, 13, 19461, 112742, 353, 47176, 8734, 8033, 182884, 30962, 6178, 112742, 7116, 104259, 8734, 8033, 3203, 174789, 558, 2900, 177016, 8505, 198, 2900, 105090, 279, 41463, 382, 290, 2164, 328, 290, 9595, 22682, 15749, 13, 623, 6011, 382, 464, 1240, 62606, 27, 9186, 62606, 27, 69631, 6744, 29, 364, 2900, 177016, 27, 39398, 31088, 21, 62606, 27, 32, 10297, 29186, 484, 665, 3684, 290, 1880, 11, 13424, 53556, 3100, 11, 66687, 10327, 10370, 11, 326, 31053, 12331, 2164, 13, 62606, 27, 30616, 25, 3684, 95334, 11, 3684, 3567, 5368, 11, 3684, 3567, 5368, 3067, 26422, 11, 3684, 81741, 3276, 54968, 5342, 11, 13424, 61043, 16500, 11, 28248, 6236, 11, 3810, 67587, 138995, 44960, 11, 622, 20405, 21978, 523, 27, 26568, 34216, 18, 62606, 27, 32, 10297, 29186, 484, 665, 2273, 261, 7968, 328, 2698, 326, 13571, 13427, 11, 3463, 17625, 11, 6806, 87, 11, 7493, 11, 11065, 11, 326, 3823, 11, 5178, 13, 62606, 27, 30616, 25, 13424, 61043, 16500, 11, 3810, 67587, 138995, 10607, 11, 3810, 67587, 138995, 67826, 11, 3810, 67587, 138995, 44960, 11, 15792, 8330, 523, 27, 39739, 35205, 19, 62606, 27, 32, 10297, 29186, 484, 50847, 306, 57927, 11, 22458, 11, 326, 12323, 19383, 6291, 13, 5551, 11, 480, 6284, 3158, 290, 6179, 316, 3684, 395, 2164, 13, 1843, 290, 5296, 10860, 22752, 20860, 11, 480, 1757, 413, 21254, 316, 15792, 290, 3490, 1934, 5281, 480, 13, 62606, 27, 30616, 25, 15792, 8330, 11, 13424, 123860, 16500, 11, 13424, 61043, 16500, 3037, 2900, 105090, 279, 3575, 2804, 622, 290, 4170, 328, 290, 22682, 4596, 484, 481, 2411, 382, 1645, 18777, 328, 5306, 290, 5296, 558, 3335, 2208, 1543, 15921, 4414, 57927, 503, 22458, 11, 326, 290, 1543, 15921, 382, 625, 7168, 316, 50414, 12229, 7124, 350, 68, 1940, 13, 17437, 290, 6179, 936, 481, 1757, 1632, 290, 22682, 4596, 483, 5532, 57927, 503, 22458, 31631, 316, 621, 480, 13, 793, 200007, 200006, 1428, 200008, 8256, 36180, 290, 1114, 622, 20405, 21978, 316, 8866, 634, 4733, 13, 200007, 200006, 173781, 200005, 35644, 200008, 2167, 1309, 316, 14975, 5296, 13, 1328, 5296, 25, 13424, 7357, 8451, 591, 3684, 4376, 11, 26386, 860, 179663, 503, 102128, 13, 1328, 10860, 1880, 3684, 326, 48166, 13, 2632, 22682, 483, 1880, 3684, 23736, 25, 220, 39398, 31088, 21, 13, 19792, 316, 4733, 8205, 4493, 1114, 13, 200007, 200006, 173781, 200005, 12606, 815, 316, 28, 44580, 32620, 20405, 21978, 220, 200003, 4108, 200008, 745, 220, 392, 456, 78225, 1537, 1243, 392, 39398, 31088, 21, 1092, 92, 200012]"
1601,111,2,[7],"[200006, 77944, 200008, 2, 68406, 2499, 3575, 553, 261, 10297, 29186, 484, 665, 3684, 290, 1880, 11, 13424, 53556, 3100, 11, 66687, 10327, 10370, 11, 326, 3587, 12331, 2164, 316, 17722, 290, 4335, 5296, 558, 25627, 306, 4246, 484, 734, 12, 3756, 625, 413, 65677, 21716, 306, 634, 2316, 7124, 13, 124801, 665, 3587, 261, 50568, 18418, 326, 1652, 14986, 9595, 7124, 13, 4066, 12, 1843, 1001, 2006, 28336, 316, 3587, 448, 6052, 11, 2075, 1273, 6984, 503, 7933, 13, 623, 6052, 2226, 13031, 558, 12, 1843, 290, 3684, 88814, 382, 537, 11283, 1500, 889, 290, 9206, 5124, 591, 448, 107087, 4256, 11, 2075, 4030, 290, 3438, 395, 945, 4878, 13, 4066, 12, 4296, 3778, 395, 4857, 57979, 4824, 350, 68, 1940, 4213, 22678, 22586, 936, 90916, 15048, 11525, 326, 8397, 64139, 1606, 402, 3684, 130631, 13, 4066, 12, 4296, 37367, 13638, 484, 1841, 1880, 43167, 11, 2371, 26487, 1577, 2254, 29457, 1273, 12162, 13, 4066, 12, 1608, 665, 1217, 66687, 10327, 10370, 316, 717, 945, 2164, 503, 14866, 290, 2164, 481, 679, 2491, 558, 12, 28835, 30937, 382, 1217, 10297, 395, 12129, 3783, 67852, 13, 28835, 30937, 12084, 621, 625, 23517, 1309, 316, 1646, 4857, 14716, 11, 889, 665, 1217, 1652, 1646, 1880, 3011, 67852, 484, 10232, 14716, 350, 77091, 6541, 316, 1646, 1819, 4705, 1880, 43167, 741, 1608, 665, 1646, 290, 6052, 316, 290, 4928, 656, 22415, 29068, 12084, 402, 290, 9206, 11, 2238, 472, 117088, 290, 3100, 328, 290, 53556, 558, 12, 3756, 625, 29810, 25222, 402, 3213, 8437, 503, 10327, 30937, 316, 1646, 290, 6052, 11, 481, 1757, 21700, 3213, 8437, 326, 10327, 30937, 316, 13576, 130352, 2273, 1880, 3011, 2164, 13, 6083, 3100, 1340, 1309, 316, 621, 10327, 30937, 316, 717, 11, 503, 1236, 3100, 382, 44923, 656, 79013, 558, 12, 730, 634, 3322, 11, 481, 1757, 8633, 290, 63647, 481, 679, 18416, 326, 23478, 364, 12253, 553, 1236, 9858, 484, 1652, 481, 3347, 1880, 3684, 734, 12, 28741, 1147, 3101, 1991, 29778, 306, 634, 3684, 5703, 0, 6083, 14633, 4376, 1309, 316, 3347, 10327, 22391, 316, 717, 11, 625, 2360, 3684, 116928, 558, 12, 1843, 290, 4928, 382, 8012, 11, 3684, 4376, 13729, 621, 625, 3587, 31687, 14716, 13, 1225, 382, 625, 6960, 316, 1646, 290, 6052, 8516, 2360, 3684, 116928, 1606, 11, 290, 3684, 5703, 1757, 413, 82463, 326, 26671, 402, 12129, 7313, 11525, 7542, 1572, 2823, 14716, 558, 220, 2214, 4994, 11, 472, 395, 290, 4928, 392, 4827, 382, 290, 10562, 5517, 306, 29514, 328, 1069, 24, 306, 290, 1577, 6743, 98967, 4022, 402, 1608, 13151, 484, 673, 4862, 9917, 7065, 316, 290, 139188, 12352, 115479, 3438, 58900, 634, 1577, 3684, 2914, 2804, 413, 81371, 18511, 3883, 1299, 392, 40005, 98967, 1608, 13151, 1, 316, 1646, 290, 38037, 3438, 1577, 11, 326, 1815, 2075, 1273, 8975, 18511, 3883, 3684, 5941, 5983, 23541, 41570, 316, 1646, 945, 63647, 558, 12, 623, 4376, 481, 622, 621, 625, 679, 316, 8516, 6052, 290, 4756, 4928, 11, 481, 1606, 1309, 316, 7916, 12331, 2164, 8525, 2, 20574, 279, 877, 9964, 279, 4797, 9964, 95359, 7649, 5800, 3684, 6018, 316, 3684, 2164, 395, 290, 4335, 5703, 558, 2493, 3684, 95334, 314, 11350, 25, 10168, 623, 5703, 316, 413, 43852, 558, 2975, 25, 1621, 20046, 623, 2086, 328, 1534, 8537, 316, 31053, 558, 4571, 11623, 52628, 25, 2086, 412, 9263, 871, 1062, 20544, 10497, 290, 9481, 306, 52656, 47, 5435, 326, 622, 290, 18522, 328, 290, 198, 12919, 3011, 11, 15683, 106694, 2164, 1078, 198, 271, 290, 4335, 9481, 558, 2493, 3684, 3567, 5368, 314, 11350, 25, 10168, 623, 9481, 316, 413, 43852, 558, 5812, 25, 1621, 412, 9263, 871, 1062, 20544, 2942, 290, 85725, 328, 261, 26487, 9481, 306, 261, 4335, 2944, 11, 622, 290, 44616, 4666, 558, 2493, 3684, 3567, 5368, 3067, 26422, 314, 11350, 25, 10168, 290, 1308, 328, 290, 26487, 9481, 11, 319, 1940, 13, 392, 82255, 28482, 1092, 5812, 25, 1621, 20046, 290, 1284, 11, 319, 1940, 13, 220, 1323, 17, 198, 5682, 25, 2086, 20046, 290, 2944, 11, 319, 1940, 13, 220, 899, 198, 18648, 25, 2086, 412, 9263, 871, 1062, 20544, 29844, 261, 4666, 11, 3684, 290, 2006, 2205, 7342, 326, 7377, 290, 81026, 3926, 328, 290, 4666, 395, 261, 4335, 3521, 558, 2493, 3684, 81741, 3276, 54968, 5342, 314, 11350, 25, 10168, 623, 4666, 316, 3684, 395, 558, 1804, 25, 1621, 20046, 623, 3521, 316, 3684, 395, 13, 623, 6011, 1757, 413, 135897, 12365, 9661, 558, 1319, 25, 1621, 412, 9263, 871, 1062, 20544, 39239, 290, 3100, 328, 261, 4335, 3213, 350, 267, 4666, 8, 326, 622, 290, 23478, 2201, 558, 3206, 1340, 6690, 842, 1236, 2164, 11, 20547, 306, 94365, 3100, 558, 2493, 13424, 61043, 16500, 314, 11350, 25, 10168, 623, 3104, 328, 290, 3213, 316, 413, 23478, 11, 4784, 261, 2698, 3104, 503, 261, 9206, 13, 1225, 665, 2273, 3621, 11, 11065, 6291, 11, 16216, 6291, 326, 146872, 11, 5178, 558, 11557, 5558, 25, 1621, 20046, 623, 5703, 316, 413, 2061, 395, 104762, 290, 3100, 13, 1843, 290, 3100, 382, 3101, 1701, 11, 290, 5703, 738, 413, 2061, 316, 11410, 1118, 997, 8895, 290, 12331, 2164, 350, 9995, 460, 2971, 741, 623, 5703, 1757, 413, 20434, 483, 290, 2208, 5296, 558, 2975, 25, 1621, 412, 9263, 871, 1062, 20544, 355, 11629, 116928, 1118, 665, 66687, 290, 10327, 22391, 316, 17722, 290, 5296, 1118, 4414, 12151, 41570, 10370, 558, 2493, 28248, 6236, 314, 11350, 25, 10168, 623, 5296, 15226, 316, 17722, 558, 15921, 157118, 25, 1621, 20046, 623, 1604, 9206, 316, 4030, 558, 5236, 6236, 25, 1621, 412, 9263, 871, 1062, 20544, 23600, 261, 4928, 1078, 290, 3823, 558, 2493, 3810, 67587, 138995, 44960, 314, 11350, 25, 10168, 623, 3104, 316, 290, 3823, 1974, 558, 17615, 5558, 25, 1621, 20046, 623, 4928, 316, 3810, 1078, 290, 3823, 558, 14921, 25, 1621, 412, 9263, 871, 1062, 20544, 6318, 3322, 483, 261, 10185, 5701, 6011, 558, 2493, 622, 20405, 21978, 314, 11350, 25, 10168, 623, 1534, 328, 290, 5296, 16547, 3252, 25, 1621, 20046, 40343, 34700, 5588, 290, 5296, 12323, 9363, 16547, 33814, 25, 3870, 412, 9263, 871, 1062, 502, 92, 602, 9819, 9964, 200007, 200006, 1428, 200008, 2167, 553, 37367, 261, 8012, 5296, 11, 326, 581, 679, 12648, 290, 5296, 1511, 4919, 25091, 9523, 558, 1944, 3575, 1309, 316, 2273, 1001, 4335, 5296, 13, 19666, 19429, 484, 290, 4792, 382, 3975, 123669, 13, 623, 6052, 2226, 4310, 13, 1843, 481, 8535, 17722, 290, 5296, 11, 4843, 12886, 290, 5207, 326, 290, 1534, 481, 679, 23088, 306, 10851, 558, 976, 3100, 328, 290, 5296, 484, 481, 1309, 316, 621, 382, 1402, 27, 15921, 523, 33282, 290, 7357, 8451, 395, 2973, 220, 21283, 17, 197588, 62540, 40095, 326, 220, 667, 22, 11036, 78, 27522, 20944, 591, 290, 3684, 4376, 11, 26386, 290, 8451, 553, 13392, 2935, 179663, 503, 26964, 9610, 558, 808, 15921, 523, 1944, 12253, 382, 290, 10705, 5296, 395, 9682, 11, 1118, 8895, 1236, 10297, 2164, 484, 665, 1652, 481, 17722, 290, 5296, 1402, 27, 159046, 27167, 523, 40, 4572, 9791, 1078, 14279, 922, 2237, 11, 813, 357, 1682, 316, 4484, 945, 1078, 1495, 12668, 306, 922, 3624, 8754, 8422, 13, 357, 4561, 306, 57606, 5686, 11, 40747, 11, 1118, 382, 402, 290, 18149, 328, 532, 30761, 13, 357, 1761, 1920, 12668, 5862, 668, 484, 8754, 306, 220, 1323, 17, 1504, 220, 21283, 17, 197588, 62540, 40095, 11, 326, 220, 667, 22, 11036, 78, 27522, 20944, 13, 9764, 1118, 328, 2617, 12668, 8754, 395, 945, 306, 220, 1323, 17, 11, 326, 5485, 668, 1495, 2009, 480, 8754, 395, 13, 6070, 1573, 3006, 179663, 503, 26964, 9610, 306, 290, 6052, 558, 808, 159046, 27167, 3037, 12253, 553, 4376, 328, 1236, 141483, 4376, 484, 481, 665, 6716, 316, 350, 6857, 538, 1354, 553, 860, 141483, 4376, 15626, 27, 134568, 31049, 6744, 523, 976, 2237, 540, 220, 21283, 17, 197588, 62540, 40095, 306, 57606, 5686, 11, 40747, 11, 8754, 395, 548, 16, 11, 9659, 11, 1302, 306, 220, 1323, 17, 13, 623, 2237, 540, 220, 667, 22, 11036, 78, 27522, 20944, 8754, 395, 548, 9752, 11, 1302, 306, 220, 1323, 17, 13, 19233, 11, 290, 2237, 540, 220, 21283, 17, 197588, 62540, 40095, 8754, 395, 945, 306, 220, 1323, 17, 364, 12, 220, 21283, 17, 197588, 62540, 40095, 25, 548, 16, 11, 9659, 11, 1302, 198, 12, 220, 667, 22, 11036, 78, 27522, 20944, 25, 548, 9752, 11, 1302, 279, 808, 134568, 31049, 6744, 3037, 12253, 553, 1236, 6623, 2164, 1078, 290, 5296, 350, 7393, 395, 9682, 11, 326, 1340, 413, 8213, 1883, 27, 69631, 6744, 523, 8505, 198, 808, 69631, 6744, 3037, 10620, 4843, 9637, 48255, 290, 2164, 5151, 11, 2075, 634, 1636, 316, 48255, 290, 9595, 4376, 326, 634, 2839, 8437, 316, 17722, 290, 2208, 5296, 364, 3335, 481, 1309, 316, 5067, 3490, 11, 3779, 10419, 3490, 1299, 392, 18582, 3490, 672, 634, 3490, 1757, 413, 9141, 150488, 326, 3741, 316, 9637, 17722, 290, 5296, 13, 6311, 5281, 290, 3490, 11, 481, 2804, 15792, 290, 3490, 558, 3335, 481, 553, 2966, 316, 2273, 2698, 6291, 11, 481, 1757, 45615, 8633, 722, 290, 23478, 1974, 3104, 350, 58447, 48182, 6291, 306, 16216, 6291, 8, 306, 634, 6052, 316, 1632, 1273, 13816, 1761, 1919, 316, 1646, 290, 1974, 558, 3335, 481, 1646, 290, 1543, 15921, 382, 328, 860, 1652, 316, 5533, 290, 10705, 5296, 4122, 402, 290, 2164, 481, 20480, 11, 481, 1757, 1520, 290, 1543, 15921, 9363, 11, 326, 622, 634, 38415, 395, 290, 2613, 5983, 13, 350, 68, 1940, 13, 481, 553, 7747, 316, 13424, 290, 3100, 328, 290, 3213, 11, 889, 290, 3213, 382, 3101, 1701, 13, 1225, 382, 3432, 316, 5067, 22752, 3490, 316, 2273, 480, 8, 200007, 200006, 173781, 200005, 12606, 815, 316, 28, 44580, 32620, 20405, 21978, 220, 200003, 4108, 200008, 10848, 3252, 7534, 976, 7357, 8451, 395, 290, 12668, 553, 4279, 5181, 306, 290, 50228, 4376, 47754, 77, 5994, 77, 12, 220, 21283, 17, 197588, 62540, 40095, 25, 548, 16, 11, 9659, 11, 1302, 5994, 77, 12, 220, 667, 22, 11036, 78, 27522, 20944, 25, 548, 9752, 11, 1302, 5994, 77, 5994, 77, 1385, 3333, 1879, 8451, 2935, 179663, 503, 26964, 9610, 47754, 77, 5994, 77, 12, 220, 21283, 17, 197588, 62540, 40095, 25, 220, 15970, 1302, 15, 5994, 77, 12, 220, 667, 22, 11036, 78, 27522, 20944, 25, 220, 9752, 1302, 4294, 33814, 1243, 7556, 92, 200012]"
1814,82,2,[8],"[200006, 77944, 200008, 2, 68406, 2499, 3575, 553, 261, 10297, 29186, 484, 665, 3684, 290, 1880, 11, 13424, 53556, 3100, 11, 66687, 10327, 10370, 11, 326, 3587, 12331, 2164, 316, 17722, 290, 4335, 5296, 558, 25627, 306, 4246, 484, 734, 12, 3756, 625, 413, 65677, 21716, 306, 634, 2316, 7124, 13, 124801, 665, 3587, 261, 50568, 18418, 326, 1652, 14986, 9595, 7124, 13, 4066, 12, 1843, 1001, 2006, 28336, 316, 3587, 448, 6052, 11, 2075, 1273, 6984, 503, 7933, 13, 623, 6052, 2226, 13031, 558, 12, 1843, 290, 3684, 88814, 382, 537, 11283, 1500, 889, 290, 9206, 5124, 591, 448, 107087, 4256, 11, 2075, 4030, 290, 3438, 395, 945, 4878, 13, 4066, 12, 4296, 3778, 395, 4857, 57979, 4824, 350, 68, 1940, 4213, 22678, 22586, 936, 90916, 15048, 11525, 326, 8397, 64139, 1606, 402, 3684, 130631, 13, 4066, 12, 4296, 37367, 13638, 484, 1841, 1880, 43167, 11, 2371, 26487, 1577, 2254, 29457, 1273, 12162, 13, 4066, 12, 1608, 665, 1217, 66687, 10327, 10370, 316, 717, 945, 2164, 503, 14866, 290, 2164, 481, 679, 2491, 558, 12, 28835, 30937, 382, 1217, 10297, 395, 12129, 3783, 67852, 13, 28835, 30937, 12084, 621, 625, 23517, 1309, 316, 1646, 4857, 14716, 11, 889, 665, 1217, 1652, 1646, 1880, 3011, 67852, 484, 10232, 14716, 350, 77091, 6541, 316, 1646, 1819, 4705, 1880, 43167, 741, 1608, 665, 1646, 290, 6052, 316, 290, 4928, 656, 22415, 29068, 12084, 402, 290, 9206, 11, 2238, 472, 117088, 290, 3100, 328, 290, 53556, 558, 12, 3756, 625, 29810, 25222, 402, 3213, 8437, 503, 10327, 30937, 316, 1646, 290, 6052, 11, 481, 1757, 21700, 3213, 8437, 326, 10327, 30937, 316, 13576, 130352, 2273, 1880, 3011, 2164, 13, 6083, 3100, 1340, 1309, 316, 621, 10327, 30937, 316, 717, 11, 503, 1236, 3100, 382, 44923, 656, 79013, 558, 12, 730, 634, 3322, 11, 481, 1757, 8633, 290, 63647, 481, 679, 18416, 326, 23478, 364, 12253, 553, 1236, 9858, 484, 1652, 481, 3347, 1880, 3684, 734, 12, 28741, 1147, 3101, 1991, 29778, 306, 634, 3684, 5703, 0, 6083, 14633, 4376, 1309, 316, 3347, 10327, 22391, 316, 717, 11, 625, 2360, 3684, 116928, 558, 12, 1843, 290, 4928, 382, 8012, 11, 3684, 4376, 13729, 621, 625, 3587, 31687, 14716, 13, 1225, 382, 625, 6960, 316, 1646, 290, 6052, 8516, 2360, 3684, 116928, 1606, 11, 290, 3684, 5703, 1757, 413, 82463, 326, 26671, 402, 12129, 7313, 11525, 7542, 1572, 2823, 14716, 558, 220, 2214, 4994, 11, 472, 395, 290, 4928, 392, 4827, 382, 290, 10562, 5517, 306, 29514, 328, 1069, 24, 306, 290, 1577, 6743, 98967, 4022, 402, 1608, 13151, 484, 673, 4862, 9917, 7065, 316, 290, 139188, 12352, 115479, 3438, 58900, 634, 1577, 3684, 2914, 2804, 413, 81371, 18511, 3883, 1299, 392, 40005, 98967, 1608, 13151, 1, 316, 1646, 290, 38037, 3438, 1577, 11, 326, 1815, 2075, 1273, 8975, 18511, 3883, 3684, 5941, 5983, 23541, 41570, 316, 1646, 945, 63647, 558, 12, 623, 4376, 481, 622, 621, 625, 679, 316, 8516, 6052, 290, 4756, 4928, 11, 481, 1606, 1309, 316, 7916, 12331, 2164, 8525, 2, 20574, 279, 877, 9964, 279, 4797, 9964, 95359, 7649, 5800, 3684, 6018, 316, 3684, 2164, 395, 290, 4335, 5703, 558, 2493, 3684, 95334, 314, 11350, 25, 10168, 623, 5703, 316, 413, 43852, 558, 2975, 25, 1621, 20046, 623, 2086, 328, 1534, 8537, 316, 31053, 558, 4571, 11623, 52628, 25, 2086, 412, 9263, 871, 1062, 20544, 10497, 290, 9481, 306, 52656, 47, 5435, 326, 622, 290, 18522, 328, 290, 198, 12919, 3011, 11, 15683, 106694, 2164, 1078, 198, 271, 290, 4335, 9481, 558, 2493, 3684, 3567, 5368, 314, 11350, 25, 10168, 623, 9481, 316, 413, 43852, 558, 5812, 25, 1621, 412, 9263, 871, 1062, 20544, 2942, 290, 85725, 328, 261, 26487, 9481, 306, 261, 4335, 2944, 11, 622, 290, 44616, 4666, 558, 2493, 3684, 3567, 5368, 3067, 26422, 314, 11350, 25, 10168, 290, 1308, 328, 290, 26487, 9481, 11, 319, 1940, 13, 392, 82255, 28482, 1092, 5812, 25, 1621, 20046, 290, 1284, 11, 319, 1940, 13, 220, 1323, 17, 198, 5682, 25, 2086, 20046, 290, 2944, 11, 319, 1940, 13, 220, 899, 198, 18648, 25, 2086, 412, 9263, 871, 1062, 20544, 29844, 261, 4666, 11, 3684, 290, 2006, 2205, 7342, 326, 7377, 290, 81026, 3926, 328, 290, 4666, 395, 261, 4335, 3521, 558, 2493, 3684, 81741, 3276, 54968, 5342, 314, 11350, 25, 10168, 623, 4666, 316, 3684, 395, 558, 1804, 25, 1621, 20046, 623, 3521, 316, 3684, 395, 13, 623, 6011, 1757, 413, 135897, 12365, 9661, 558, 1319, 25, 1621, 412, 9263, 871, 1062, 20544, 39239, 290, 3100, 328, 261, 4335, 3213, 350, 267, 4666, 8, 326, 622, 290, 23478, 2201, 558, 3206, 1340, 6690, 842, 1236, 2164, 11, 20547, 306, 94365, 3100, 558, 2493, 13424, 61043, 16500, 314, 11350, 25, 10168, 623, 3104, 328, 290, 3213, 316, 413, 23478, 11, 4784, 261, 2698, 3104, 503, 261, 9206, 13, 1225, 665, 2273, 3621, 11, 11065, 6291, 11, 16216, 6291, 326, 146872, 11, 5178, 558, 11557, 5558, 25, 1621, 20046, 623, 5703, 316, 413, 2061, 395, 104762, 290, 3100, 13, 1843, 290, 3100, 382, 3101, 1701, 11, 290, 5703, 738, 413, 2061, 316, 11410, 1118, 997, 8895, 290, 12331, 2164, 350, 9995, 460, 2971, 741, 623, 5703, 1757, 413, 20434, 483, 290, 2208, 5296, 558, 2975, 25, 1621, 412, 9263, 871, 1062, 20544, 355, 11629, 116928, 1118, 665, 66687, 290, 10327, 22391, 316, 17722, 290, 5296, 1118, 4414, 12151, 41570, 10370, 558, 2493, 28248, 6236, 314, 11350, 25, 10168, 623, 5296, 15226, 316, 17722, 558, 15921, 157118, 25, 1621, 20046, 623, 1604, 9206, 316, 4030, 558, 5236, 6236, 25, 1621, 412, 9263, 871, 1062, 20544, 23600, 261, 4928, 1078, 290, 3823, 558, 2493, 3810, 67587, 138995, 44960, 314, 11350, 25, 10168, 623, 3104, 316, 290, 3823, 1974, 558, 17615, 5558, 25, 1621, 20046, 623, 4928, 316, 3810, 1078, 290, 3823, 558, 14921, 25, 1621, 412, 9263, 871, 1062, 20544, 6318, 3322, 483, 261, 10185, 5701, 6011, 558, 2493, 622, 20405, 21978, 314, 11350, 25, 10168, 623, 1534, 328, 290, 5296, 16547, 3252, 25, 1621, 20046, 40343, 34700, 5588, 290, 5296, 12323, 9363, 16547, 33814, 25, 3870, 412, 9263, 871, 1062, 502, 92, 602, 9819, 9964, 200007, 200006, 1428, 200008, 2167, 553, 37367, 261, 8012, 5296, 11, 326, 581, 679, 12648, 290, 5296, 1511, 4919, 25091, 9523, 558, 1944, 3575, 1309, 316, 2273, 1001, 4335, 5296, 13, 19666, 19429, 484, 290, 4792, 382, 3975, 123669, 13, 623, 6052, 2226, 4310, 13, 1843, 481, 8535, 17722, 290, 5296, 11, 4843, 12886, 290, 5207, 326, 290, 1534, 481, 679, 23088, 306, 10851, 558, 976, 3100, 328, 290, 5296, 484, 481, 1309, 316, 621, 382, 1402, 27, 15921, 523, 33282, 290, 7357, 8451, 395, 2973, 220, 21283, 17, 197588, 62540, 40095, 326, 220, 667, 22, 11036, 78, 27522, 20944, 591, 290, 3684, 4376, 11, 26386, 290, 8451, 553, 13392, 2935, 179663, 503, 26964, 9610, 558, 808, 15921, 523, 1944, 12253, 382, 290, 10705, 5296, 395, 9682, 11, 1118, 8895, 1236, 10297, 2164, 484, 665, 1652, 481, 17722, 290, 5296, 1402, 27, 159046, 27167, 523, 40, 4572, 9791, 1078, 14279, 922, 2237, 11, 813, 357, 1682, 316, 4484, 945, 1078, 1495, 12668, 306, 922, 3624, 8754, 8422, 13, 357, 4561, 306, 57606, 5686, 11, 40747, 11, 1118, 382, 402, 290, 18149, 328, 532, 30761, 13, 357, 1761, 1920, 12668, 5862, 668, 484, 8754, 306, 220, 1323, 17, 1504, 220, 21283, 17, 197588, 62540, 40095, 11, 326, 220, 667, 22, 11036, 78, 27522, 20944, 13, 9764, 1118, 328, 2617, 12668, 8754, 395, 945, 306, 220, 1323, 17, 11, 326, 5485, 668, 1495, 2009, 480, 8754, 395, 13, 6070, 1573, 3006, 179663, 503, 26964, 9610, 306, 290, 6052, 558, 808, 159046, 27167, 3037, 12253, 553, 4376, 328, 1236, 141483, 4376, 484, 481, 665, 6716, 316, 350, 6857, 538, 1354, 553, 860, 141483, 4376, 15626, 27, 134568, 31049, 6744, 523, 976, 2237, 540, 220, 21283, 17, 197588, 62540, 40095, 306, 57606, 5686, 11, 40747, 11, 8754, 395, 548, 16, 11, 9659, 11, 1302, 306, 220, 1323, 17, 13, 623, 2237, 540, 220, 667, 22, 11036, 78, 27522, 20944, 8754, 395, 548, 9752, 11, 1302, 306, 220, 1323, 17, 13, 19233, 11, 290, 2237, 540, 220, 21283, 17, 197588, 62540, 40095, 8754, 395, 945, 306, 220, 1323, 17, 364, 12, 220, 21283, 17, 197588, 62540, 40095, 25, 548, 16, 11, 9659, 11, 1302, 198, 12, 220, 667, 22, 11036, 78, 27522, 20944, 25, 548, 9752, 11, 1302, 279, 808, 134568, 31049, 6744, 3037, 12253, 553, 1236, 6623, 2164, 1078, 290, 5296, 350, 7393, 395, 9682, 11, 326, 1340, 413, 8213, 1883, 27, 69631, 6744, 523, 8505, 198, 808, 69631, 6744, 3037, 10620, 4843, 9637, 48255, 290, 2164, 5151, 11, 2075, 634, 1636, 316, 48255, 290, 9595, 4376, 326, 634, 2839, 8437, 316, 17722, 290, 2208, 5296, 364, 3335, 481, 1309, 316, 5067, 3490, 11, 3779, 10419, 3490, 1299, 392, 18582, 3490, 672, 634, 3490, 1757, 413, 9141, 150488, 326, 3741, 316, 9637, 17722, 290, 5296, 13, 6311, 5281, 290, 3490, 11, 481, 2804, 15792, 290, 3490, 558, 3335, 481, 553, 2966, 316, 2273, 2698, 6291, 11, 481, 1757, 45615, 8633, 722, 290, 23478, 1974, 3104, 350, 58447, 48182, 6291, 306, 16216, 6291, 8, 306, 634, 6052, 316, 1632, 1273, 13816, 1761, 1919, 316, 1646, 290, 1974, 558, 3335, 481, 1646, 290, 1543, 15921, 382, 328, 860, 1652, 316, 5533, 290, 10705, 5296, 4122, 402, 290, 2164, 481, 20480, 11, 481, 1757, 1520, 290, 1543, 15921, 9363, 11, 326, 622, 634, 38415, 395, 290, 2613, 5983, 13, 350, 68, 1940, 13, 481, 553, 7747, 316, 13424, 290, 3100, 328, 290, 3213, 11, 889, 290, 3213, 382, 3101, 1701, 13, 1225, 382, 3432, 316, 5067, 22752, 3490, 316, 2273, 480, 8, 200007, 200006, 173781, 200005, 12606, 815, 316, 28, 44580, 32620, 20405, 21978, 220, 200003, 4108, 200008, 10848, 3252, 7534, 976, 7357, 8451, 395, 290, 12668, 553, 4279, 5181, 306, 290, 50228, 4376, 16008, 77, 3392, 12, 220, 21283, 17, 197588, 62540, 40095, 25, 548, 16, 11, 9659, 11, 1302, 3392, 12, 220, 667, 22, 11036, 78, 27522, 20944, 25, 548, 9752, 11, 1302, 3392, 3392, 1385, 3333, 1879, 8451, 2935, 179663, 503, 26964, 9610, 16008, 77, 3392, 12, 220, 21283, 17, 197588, 62540, 40095, 25, 220, 15970, 1302, 15, 3392, 12, 220, 667, 22, 11036, 78, 27522, 20944, 25, 220, 9752, 1302, 4294, 33814, 1243, 7556, 92, 200012, 200006, 44580, 32620, 20405, 21978, 316, 28, 173781, 200005, 12606, 815, 200008, 40200, 3252, 2337, 461, 976, 7357, 8451, 395, 290, 12668, 553, 4279, 5181, 306, 290, 50228, 4376, 16008, 77, 3392, 12, 220, 21283, 17, 197588, 62540, 40095, 25, 548, 16, 11, 9659, 11, 1302, 3392, 12, 220, 667, 22, 11036, 78, 27522, 20944, 25, 548, 9752, 11, 1302, 3392, 3392, 1385, 3333, 1879, 8451, 2935, 179663, 503, 26964, 9610, 16008, 77, 3392, 12, 220, 21283, 17, 197588, 62540, 40095, 25, 220, 15970, 1302, 15, 3392, 12, 220, 667, 22, 11036, 78, 27522, 20944, 25, 220, 9752, 1302, 787, 461, 33814, 2337, 7983, 92, 200007, 200006, 173781, 200005, 17196, 200008, 976, 7357, 8451, 395, 290, 12668, 553, 4279, 5181, 306, 290, 50228, 4376, 1402, 12, 220, 21283, 17, 197588, 62540, 40095, 25, 548, 16, 11, 9659, 11, 1302, 198, 12, 220, 667, 22, 11036, 78, 27522, 20944, 25, 548, 9752, 11, 1302, 279, 1385, 3333, 1879, 8451, 2935, 179663, 503, 26964, 9610, 1402, 12, 220, 21283, 17, 197588, 62540, 40095, 25, 220, 15970, 1302, 15, 198, 12, 220, 667, 22, 11036, 78, 27522, 20944, 25, 220, 9752, 1302, 200002]"
1537,134,1,[9],"[200006, 17360, 200008, 3575, 553, 17554, 162016, 11, 261, 4410, 6439, 2359, 22203, 656, 7788, 17527, 558, 87447, 100594, 25, 220, 1323, 19, 12, 3218, 198, 6576, 3521, 25, 220, 1323, 21, 12, 3000, 12, 3000, 279, 30377, 289, 25, 14093, 279, 2, 13888, 18403, 25, 8450, 11, 49159, 11, 1721, 13, 21030, 2804, 413, 7360, 395, 1753, 3176, 558, 63446, 316, 1879, 8437, 2804, 810, 316, 290, 49159, 9334, 25, 461, 44580, 6120, 200007, 200006, 77944, 200008, 2, 20574, 279, 877, 9964, 279, 4797, 9964, 95359, 6318, 3322, 483, 261, 10185, 5701, 6011, 558, 2493, 622, 20405, 21978, 314, 11350, 25, 10168, 623, 4170, 328, 290, 41844, 484, 382, 21482, 316, 290, 5296, 16547, 456, 78225, 1537, 25, 1621, 412, 9263, 871, 1062, 502, 92, 602, 9819, 9964, 200007, 200006, 17360, 200008, 3575, 553, 93594, 261, 3566, 328, 13816, 13, 355, 22682, 665, 413, 261, 3566, 328, 19297, 503, 261, 4590, 11793, 13, 11555, 22682, 382, 5371, 316, 17722, 261, 4857, 3675, 328, 5296, 13, 4886, 3349, 6664, 123177, 13638, 316, 261, 9595, 22682, 11, 9278, 261, 620, 22682, 395, 261, 5296, 11, 5178, 13, 200007, 200006, 1428, 200008, 3575, 1309, 316, 14975, 290, 5296, 316, 261, 22682, 4596, 558, 976, 3100, 328, 290, 5296, 382, 1402, 2900, 177016, 5975, 395, 7178, 2237, 7155, 1238, 306, 57606, 5686, 11, 40747, 11, 16515, 395, 290, 20866, 220, 21283, 17, 197588, 62540, 40095, 326, 220, 667, 22, 11036, 78, 27522, 20944, 11, 316, 1646, 842, 1118, 2237, 8754, 395, 945, 306, 220, 1323, 17, 558, 2900, 105090, 279, 12253, 553, 1236, 6623, 2164, 1078, 290, 5296, 1402, 27022, 104259, 2694, 99822, 169349, 94270, 14572, 5135, 457, 30637, 52050, 5121, 5436, 7116, 3203, 174789, 11, 21371, 182884, 67758, 13, 19461, 112742, 353, 47176, 8734, 8033, 182884, 30962, 6178, 112742, 7116, 104259, 8734, 8033, 3203, 174789, 558, 2900, 177016, 8505, 198, 2900, 105090, 279, 41463, 382, 290, 2164, 328, 290, 9595, 22682, 15749, 13, 623, 6011, 382, 464, 1240, 62606, 27, 9186, 62606, 27, 69631, 6744, 29, 364, 2900, 177016, 27, 39398, 31088, 21, 62606, 27, 32, 10297, 29186, 484, 665, 3684, 290, 1880, 11, 13424, 53556, 3100, 11, 66687, 10327, 10370, 11, 326, 31053, 12331, 2164, 13, 62606, 27, 30616, 25, 3684, 95334, 11, 3684, 3567, 5368, 11, 3684, 3567, 5368, 3067, 26422, 11, 3684, 81741, 3276, 54968, 5342, 11, 13424, 61043, 16500, 11, 28248, 6236, 11, 3810, 67587, 138995, 44960, 523, 27, 26568, 34216, 18, 62606, 27, 32, 10297, 29186, 484, 665, 2273, 261, 7968, 328, 2698, 326, 13571, 13427, 11, 3463, 17625, 11, 6806, 87, 11, 7493, 11, 11065, 11, 326, 3823, 11, 5178, 13, 62606, 27, 30616, 25, 13424, 61043, 16500, 11, 3810, 67587, 138995, 10607, 11, 3810, 67587, 138995, 67826, 11, 3810, 67587, 138995, 44960, 11, 15792, 8330, 523, 27, 39739, 35205, 19, 62606, 27, 32, 10297, 29186, 484, 50847, 306, 57927, 11, 22458, 11, 326, 12323, 19383, 6291, 13, 5551, 11, 480, 6284, 3158, 290, 6179, 316, 3684, 395, 2164, 13, 1843, 290, 5296, 10860, 22752, 20860, 11, 480, 1757, 413, 21254, 316, 15792, 290, 3490, 1934, 5281, 480, 13, 62606, 27, 30616, 25, 15792, 8330, 11, 13424, 123860, 16500, 11, 13424, 61043, 16500, 3037, 2900, 105090, 279, 3575, 2804, 622, 290, 4170, 328, 290, 22682, 4596, 484, 481, 2411, 382, 1645, 18777, 328, 5306, 290, 5296, 558, 3335, 2208, 1543, 15921, 4414, 57927, 503, 22458, 11, 326, 290, 1543, 15921, 382, 625, 7168, 316, 50414, 12229, 7124, 350, 68, 1940, 13, 17437, 290, 6179, 936, 481, 1757, 1632, 290, 22682, 4596, 483, 5532, 57927, 503, 22458, 31631, 316, 621, 480, 13, 793, 200007, 200006, 173781, 200005, 17196, 200008, 40200, 456, 78225, 1537, 2337, 461, 39398, 31088, 21, 17352, 200007, 200006, 173781, 316, 28, 44580, 32620, 20405, 21978, 200005, 12606, 815, 5701, 200008, 10848, 456, 78225, 1537, 1243, 392, 39398, 31088, 21, 18583, 200012, 200006, 44580, 32620, 20405, 21978, 316, 28, 173781, 200005, 12606, 815, 200008, 40200, 456, 78225, 1537, 2337, 461, 39398, 31088, 21, 17352, 200007, 200006, 1428, 200008, 3575, 1309, 316, 14975, 290, 5296, 316, 261, 22682, 4596, 558, 976, 3100, 328, 290, 5296, 382, 1402, 2900, 177016, 33282, 290, 7357, 8451, 395, 2973, 220, 21283, 17, 197588, 62540, 40095, 326, 220, 667, 22, 11036, 78, 27522, 20944, 591, 290, 3684, 4376, 11, 26386, 290, 8451, 553, 13392, 2935, 179663, 503, 26964, 9610, 558, 2900, 105090, 279, 12253, 553, 1236, 6623, 2164, 1078, 290, 5296, 1402, 27022, 104259, 2694, 99822, 169349, 94270, 14572, 5135, 457, 30637, 52050, 5121, 5436, 7116, 3203, 174789, 11, 21371, 182884, 67758, 13, 19461, 112742, 353, 47176, 8734, 8033, 182884, 30962, 6178, 112742, 7116, 104259, 8734, 8033, 3203, 174789, 558, 2900, 177016, 8505, 198, 2900, 105090, 279, 41463, 382, 290, 2164, 328, 290, 9595, 22682, 15749, 13, 623, 6011, 382, 464, 1240, 62606, 27, 9186, 62606, 27, 69631, 6744, 29, 364, 2900, 177016, 27, 39398, 31088, 21, 62606, 27, 32, 10297, 29186, 484, 665, 3684, 290, 1880, 11, 13424, 53556, 3100, 11, 66687, 10327, 10370, 11, 326, 31053, 12331, 2164, 13, 62606, 27, 30616, 25, 3684, 95334, 11, 3684, 3567, 5368, 11, 3684, 3567, 5368, 3067, 26422, 11, 3684, 81741, 3276, 54968, 5342, 11, 13424, 61043, 16500, 11, 28248, 6236, 11, 3810, 67587, 138995, 44960, 11, 622, 20405, 21978, 523, 27, 26568, 34216, 18, 62606, 27, 32, 10297, 29186, 484, 665, 2273, 261, 7968, 328, 2698, 326, 13571, 13427, 11, 3463, 17625, 11, 6806, 87, 11, 7493, 11, 11065, 11, 326, 3823, 11, 5178, 13, 62606, 27, 30616, 25, 13424, 61043, 16500, 11, 3810, 67587, 138995, 10607, 11, 3810, 67587, 138995, 67826, 11, 3810, 67587, 138995, 44960, 11, 15792, 8330, 523, 27, 39739, 35205, 19, 62606, 27, 32, 10297, 29186, 484, 50847, 306, 57927, 11, 22458, 11, 326, 12323, 19383, 6291, 13, 5551, 11, 480, 6284, 3158, 290, 6179, 316, 3684, 395, 2164, 13, 1843, 290, 5296, 10860, 22752, 20860, 11, 480, 1757, 413, 21254, 316, 15792, 290, 3490, 1934, 5281, 480, 13, 62606, 27, 30616, 25, 15792, 8330, 11, 13424, 123860, 16500, 11, 13424, 61043, 16500, 3037, 2900, 105090, 279, 3575, 2804, 622, 290, 4170, 328, 290, 22682, 4596, 484, 481, 2411, 382, 1645, 18777, 328, 5306, 290, 5296, 558, 3335, 2208, 1543, 15921, 4414, 57927, 503, 22458, 11, 326, 290, 1543, 15921, 382, 625, 7168, 316, 50414, 12229, 7124, 350, 68, 1940, 13, 17437, 290, 6179, 936, 481, 1757, 1632, 290, 22682, 4596, 483, 5532, 57927, 503, 22458, 31631, 316, 621, 480, 13, 793, 200007, 200006, 1428, 200008, 8256, 36180, 290, 1114, 622, 20405, 21978, 316, 8866, 634, 4733, 13, 200007, 200006, 173781, 200005, 17196, 200008, 40200, 456, 78225, 1537, 2337, 461, 39398, 31088, 21, 17352, 200007, 200006, 173781, 316, 28, 44580, 32620, 20405, 21978, 200005, 12606, 815, 5701, 200008, 10848, 456, 78225, 1537, 1243, 392, 39398, 31088, 21, 18583, 200012, 200006, 44580, 32620, 20405, 21978, 316, 28, 173781, 200005, 12606, 815, 200008, 40200, 456, 78225, 1537, 2337, 461, 39398, 31088, 21, 17352, 200007, 200006, 1428, 200008, 3575, 1309, 316, 14975, 290, 5296, 316, 261, 22682, 4596, 558, 976, 3100, 328, 290, 5296, 382, 1402, 2900, 177016, 24973, 290, 7357, 8451, 328, 290, 1920, 12668, 316, 11433, 1118, 1001, 8754, 395, 945, 306, 220, 1323, 17, 558, 2900, 105090, 279, 12253, 553, 1236, 6623, 2164, 1078, 290, 5296, 1402, 27022, 104259, 2694, 99822, 169349, 94270, 14572, 5135, 457, 30637, 52050, 5121, 5436, 7116, 3203, 174789, 11, 21371, 182884, 67758, 13, 19461, 112742, 353, 47176, 8734, 8033, 182884, 30962, 6178, 112742, 7116, 104259, 8734, 8033, 3203, 174789, 558, 2900, 177016, 8505, 198, 2900, 105090, 279, 41463, 382, 290, 2164, 328, 290, 9595, 22682, 15749, 13, 623, 6011, 382, 464, 1240, 62606, 27, 9186, 62606, 27, 69631, 6744, 29, 364, 2900, 177016, 27, 39398, 31088, 21, 62606, 27, 32, 10297, 29186, 484, 665, 3684, 290, 1880, 11, 13424, 53556, 3100, 11, 66687, 10327, 10370, 11, 326, 31053, 12331, 2164, 13, 62606, 27, 30616, 25, 3684, 95334, 11, 3684, 3567, 5368, 11, 3684, 3567, 5368, 3067, 26422, 11, 3684, 81741, 3276, 54968, 5342, 11, 13424, 61043, 16500, 11, 28248, 6236, 11, 3810, 67587, 138995, 44960, 11, 622, 20405, 21978, 523, 27, 26568, 34216, 18, 62606, 27, 32, 10297, 29186, 484, 665, 2273, 261, 7968, 328, 2698, 326, 13571, 13427, 11, 3463, 17625, 11, 6806, 87, 11, 7493, 11, 11065, 11, 326, 3823, 11, 5178, 13, 62606, 27, 30616, 25, 13424, 61043, 16500, 11, 3810, 67587, 138995, 10607, 11, 3810, 67587, 138995, 67826, 11, 3810, 67587, 138995, 44960, 11, 15792, 8330, 523, 27, 39739, 35205, 19, 62606, 27, 32, 10297, 29186, 484, 50847, 306, 57927, 11, 22458, 11, 326, 12323, 19383, 6291, 13, 5551, 11, 480, 6284, 3158, 290, 6179, 316, 3684, 395, 2164, 13, 1843, 290, 5296, 10860, 22752, 20860, 11, 480, 1757, 413, 21254, 316, 15792, 290, 3490, 1934, 5281, 480, 13, 62606, 27, 30616, 25, 15792, 8330, 11, 13424, 123860, 16500, 11, 13424, 61043, 16500, 3037, 2900, 105090, 279, 3575, 2804, 622, 290, 4170, 328, 290, 22682, 4596, 484, 481, 2411, 382, 1645, 18777, 328, 5306, 290, 5296, 558, 3335, 2208, 1543, 15921, 4414, 57927, 503, 22458, 11, 326, 290, 1543, 15921, 382, 625, 7168, 316, 50414, 12229, 7124, 350, 68, 1940, 13, 17437, 290, 6179, 936, 481, 1757, 1632, 290, 22682, 4596, 483, 5532, 57927, 503, 22458, 31631, 316, 621, 480, 13, 793, 200007, 200006, 173781, 200005, 35644, 200008, 976, 5296, 25, 38200, 7357, 8451, 328, 1920, 12668, 316, 11433, 1118, 8754, 395, 945, 306, 220, 1323, 17, 13, 1328, 10860, 4566, 290, 7357, 8451, 4279, 48182, 13, 623, 5880, 5983, 48182, 7357, 8451, 591, 3684, 4376, 13, 6549, 581, 1309, 316, 12221, 1373, 13, 1328, 382, 261, 57927, 5296, 11, 625, 39241, 6179, 13, 2632, 581, 1757, 14975, 316, 261, 22682, 483, 57927, 4308, 7148, 31631, 11, 575, 2560, 4213, 220, 39739, 35205, 19, 350, 42743, 289, 11, 22458, 741, 1225, 665, 2273, 1238, 326, 12221, 13, 2632, 14975, 316, 220, 39739, 35205, 19, 13, 19792, 316, 4733, 4493, 622, 20405, 21978, 13, 200007, 200006, 173781, 200005, 12606, 815, 316, 28, 44580, 32620, 20405, 21978, 220, 200003, 4108, 200008, 10848, 456, 78225, 1537, 7534, 39739, 35205, 19, 18583, 200012]"
1108,223,3,[10],"[200006, 17360, 200008, 3575, 553, 17554, 162016, 11, 261, 4410, 6439, 2359, 22203, 656, 7788, 17527, 558, 87447, 100594, 25, 220, 1323, 19, 12, 3218, 198, 6576, 3521, 25, 220, 1323, 21, 12, 3000, 12, 3000, 279, 30377, 289, 25, 14093, 279, 2, 13888, 18403, 25, 8450, 11, 49159, 11, 1721, 13, 21030, 2804, 413, 7360, 395, 1753, 3176, 558, 63446, 316, 1879, 8437, 2804, 810, 316, 290, 49159, 9334, 25, 461, 44580, 6120, 200007, 200006, 77944, 200008, 2, 20574, 279, 877, 9964, 279, 4797, 9964, 95359, 43223, 261, 4335, 3490, 88814, 558, 2493, 15792, 8330, 314, 11350, 25, 10168, 623, 3422, 3490, 316, 290, 9441, 172276, 4584, 2421, 558, 3056, 25, 1621, 20046, 122837, 395, 21398, 3056, 26178, 350, 25231, 7015, 1199, 495, 1308, 6294, 3252, 25, 1621, 412, 9263, 871, 1062, 20544, 39239, 14633, 4206, 2164, 591, 448, 24151, 1974, 11, 3463, 198, 393, 7598, 33341, 558, 2493, 13424, 123860, 16500, 314, 11350, 25, 10168, 623, 3104, 328, 290, 24151, 1974, 558, 11557, 5558, 25, 1621, 412, 9263, 871, 1062, 20544, 39239, 290, 3100, 328, 261, 4335, 3213, 350, 267, 4666, 8, 326, 622, 290, 23478, 2201, 7621, 1225, 1340, 6690, 842, 1236, 2164, 11, 20547, 306, 94365, 3100, 558, 2493, 13424, 61043, 16500, 314, 11350, 25, 10168, 623, 3104, 328, 290, 3213, 316, 413, 23478, 11, 4784, 261, 2698, 3104, 503, 261, 9206, 13, 1225, 665, 2273, 3621, 11, 11065, 6291, 11, 16216, 6291, 326, 146872, 11, 5178, 558, 11557, 5558, 25, 1621, 20046, 623, 5703, 316, 413, 2061, 395, 104762, 290, 3100, 13, 1843, 290, 3100, 382, 3101, 1701, 11, 290, 5703, 738, 413, 2061, 316, 11410, 1118, 997, 8895, 290, 12331, 2164, 350, 9995, 460, 2971, 741, 623, 5703, 1757, 413, 20434, 483, 290, 2208, 5296, 558, 2975, 25, 1621, 412, 9263, 871, 1062, 20544, 6318, 3322, 483, 261, 10185, 5701, 6011, 558, 2493, 622, 20405, 21978, 314, 11350, 25, 10168, 623, 1534, 328, 290, 5296, 16547, 3252, 25, 1621, 20046, 40343, 34700, 5588, 290, 5296, 12323, 9363, 16547, 33814, 25, 3870, 412, 9263, 871, 1062, 502, 92, 602, 9819, 9964, 200007, 200006, 17360, 200008, 3575, 553, 261, 10297, 29186, 484, 50847, 306, 57927, 326, 22458, 11, 326, 665, 2411, 5983, 656, 5983, 316, 17722, 290, 5296, 13, 4296, 8155, 11, 481, 665, 5067, 22752, 3490, 316, 17722, 290, 5296, 13, 1843, 481, 679, 7582, 3490, 11, 621, 625, 13814, 316, 15792, 290, 3490, 13, 28741, 10419, 17913, 1299, 461, 18582, 3490, 787, 634, 3490, 1757, 413, 3741, 316, 9637, 17722, 290, 5296, 13, 1608, 665, 1217, 48255, 7598, 34098, 11, 2238, 472, 13782, 11, 29365, 73795, 11, 322, 11, 41942, 11, 5178, 11, 316, 17722, 290, 5296, 13, 2214, 12323, 19383, 6291, 11, 481, 1757, 5067, 17913, 316, 2273, 1373, 13, 200007, 200006, 1428, 200008, 2167, 553, 37367, 261, 8012, 5296, 11, 326, 581, 679, 12648, 290, 5296, 1511, 4919, 25091, 9523, 558, 1944, 3575, 1309, 316, 2273, 1001, 4335, 5296, 13, 19666, 19429, 484, 290, 4792, 382, 3975, 123669, 13, 623, 6052, 2226, 4310, 13, 1843, 481, 8535, 17722, 290, 5296, 11, 4843, 12886, 290, 5207, 326, 290, 1534, 481, 679, 23088, 306, 10851, 558, 976, 3100, 328, 290, 5296, 484, 481, 1309, 316, 621, 382, 1402, 27, 15921, 523, 24973, 290, 7357, 8451, 328, 290, 1920, 12668, 316, 11433, 1118, 1001, 8754, 395, 945, 306, 220, 1323, 17, 558, 808, 15921, 523, 1944, 12253, 382, 290, 10705, 5296, 395, 9682, 11, 1118, 8895, 1236, 10297, 2164, 484, 665, 1652, 481, 17722, 290, 5296, 1402, 27, 159046, 27167, 523, 40, 4572, 9791, 1078, 14279, 922, 2237, 11, 813, 357, 1682, 316, 4484, 945, 1078, 1495, 12668, 306, 922, 3624, 8754, 8422, 13, 357, 4561, 306, 57606, 5686, 11, 40747, 11, 1118, 382, 402, 290, 18149, 328, 532, 30761, 13, 357, 1761, 1920, 12668, 5862, 668, 484, 8754, 306, 220, 1323, 17, 1504, 220, 21283, 17, 197588, 62540, 40095, 11, 326, 220, 667, 22, 11036, 78, 27522, 20944, 13, 9764, 1118, 328, 2617, 12668, 8754, 395, 945, 306, 220, 1323, 17, 11, 326, 5485, 668, 1495, 2009, 480, 8754, 395, 13, 6070, 1573, 3006, 179663, 503, 26964, 9610, 306, 290, 6052, 558, 808, 159046, 27167, 3037, 12253, 553, 4376, 328, 1236, 141483, 4376, 484, 481, 665, 6716, 316, 350, 6857, 538, 1354, 553, 860, 141483, 4376, 15626, 27, 134568, 31049, 6744, 523, 976, 2237, 540, 220, 21283, 17, 197588, 62540, 40095, 306, 57606, 5686, 11, 40747, 11, 8754, 395, 548, 16, 11, 9659, 11, 1302, 306, 220, 1323, 17, 13, 623, 2237, 540, 220, 667, 22, 11036, 78, 27522, 20944, 8754, 395, 548, 9752, 11, 1302, 306, 220, 1323, 17, 13, 19233, 11, 290, 2237, 540, 220, 21283, 17, 197588, 62540, 40095, 8754, 395, 945, 306, 220, 1323, 17, 364, 12, 220, 21283, 17, 197588, 62540, 40095, 25, 548, 16, 11, 9659, 11, 1302, 198, 12, 220, 667, 22, 11036, 78, 27522, 20944, 25, 548, 9752, 11, 1302, 198, 976, 7357, 8451, 395, 290, 12668, 553, 4279, 5181, 306, 290, 50228, 4376, 1402, 12, 220, 21283, 17, 197588, 62540, 40095, 25, 548, 16, 11, 9659, 11, 1302, 198, 12, 220, 667, 22, 11036, 78, 27522, 20944, 25, 548, 9752, 11, 1302, 279, 1385, 3333, 1879, 8451, 2935, 179663, 503, 26964, 9610, 1402, 12, 220, 21283, 17, 197588, 62540, 40095, 25, 220, 15970, 1302, 15, 198, 12, 220, 667, 22, 11036, 78, 27522, 20944, 25, 220, 9752, 1302, 279, 808, 134568, 31049, 6744, 3037, 12253, 553, 1236, 6623, 2164, 1078, 290, 5296, 350, 7393, 395, 9682, 11, 326, 1340, 413, 8213, 1883, 27, 69631, 6744, 523, 8505, 198, 808, 69631, 6744, 3037, 10620, 4843, 9637, 48255, 290, 2164, 5151, 11, 2075, 634, 1636, 316, 48255, 290, 9595, 4376, 326, 634, 2839, 8437, 316, 17722, 290, 2208, 5296, 364, 3335, 481, 1309, 316, 5067, 3490, 11, 3779, 10419, 3490, 1299, 392, 18582, 3490, 672, 634, 3490, 1757, 413, 9141, 150488, 326, 3741, 316, 9637, 17722, 290, 5296, 13, 6311, 5281, 290, 3490, 11, 481, 2804, 15792, 290, 3490, 558, 3335, 481, 553, 2966, 316, 2273, 2698, 6291, 11, 481, 1757, 45615, 8633, 722, 290, 23478, 1974, 3104, 350, 58447, 48182, 6291, 306, 16216, 6291, 8, 306, 634, 6052, 316, 1632, 1273, 13816, 1761, 1919, 316, 1646, 290, 1974, 558, 3335, 481, 1646, 290, 1543, 15921, 382, 328, 860, 1652, 316, 5533, 290, 10705, 5296, 4122, 402, 290, 2164, 481, 20480, 11, 481, 1757, 1520, 290, 1543, 15921, 9363, 11, 326, 622, 634, 38415, 395, 290, 2613, 5983, 13, 350, 68, 1940, 13, 481, 553, 7747, 316, 13424, 290, 3100, 328, 290, 3213, 11, 889, 290, 3213, 382, 3101, 1701, 13, 1225, 382, 3432, 316, 5067, 22752, 3490, 316, 2273, 480, 8, 200007, 200006, 173781, 200005, 35644, 200008, 976, 5296, 25, 392, 24973, 290, 7357, 8451, 328, 290, 1920, 12668, 316, 11433, 1118, 1001, 8754, 395, 945, 306, 220, 1323, 17, 3692, 1416, 679, 50228, 4376, 9874, 8451, 25, 220, 21283, 17, 197588, 62540, 40095, 25, 548, 16, 11, 9659, 11, 1302, 350, 15970, 1302, 15, 8, 326, 220, 667, 22, 11036, 78, 27522, 20944, 25, 548, 9752, 11, 1302, 350, 9752, 1302, 741, 2632, 6052, 25, 220, 21283, 17, 197588, 62540, 40095, 8754, 395, 945, 11, 3911, 220, 15970, 1302, 15, 13, 19792, 316, 4733, 2935, 179663, 503, 26964, 9610, 13, 63659, 1327, 261, 21872, 25, 392, 21283, 17, 197588, 62540, 40095, 8754, 395, 220, 15970, 1302, 15, 11, 1118, 382, 945, 1572, 220, 667, 22, 11036, 78, 27522, 20944, 1118, 8754, 395, 220, 9752, 1302, 3692, 2604, 1327, 2608, 1118, 1001, 8754, 395, 945, 326, 1617, 3911, 13, 623, 21179, 25, 392, 24973, 290, 7357, 8451, 328, 290, 1920, 12668, 316, 11433, 1118, 1001, 8754, 395, 945, 306, 220, 1323, 17, 3692, 2632, 6052, 25, 392, 21283, 17, 197588, 62540, 40095, 8754, 395, 945, 11, 540, 220, 15970, 1302, 15, 3692, 51441, 2973, 10112, 13, 17291, 6052, 165348, 423, 13, 200007, 200006, 173781, 200005, 17196, 200008, 21283, 17, 197588, 62540, 40095, 8754, 395, 945, 306, 220, 1323, 17, 11, 540, 220, 15970, 1302, 15, 13, 200002]"
1991,111,1,[11],"[200006, 17360, 200008, 3575, 553, 17554, 162016, 11, 261, 4410, 6439, 2359, 22203, 656, 7788, 17527, 558, 87447, 100594, 25, 220, 1323, 19, 12, 3218, 198, 6576, 3521, 25, 220, 1323, 21, 12, 3000, 12, 3000, 279, 30377, 289, 25, 14093, 279, 2, 13888, 18403, 25, 8450, 11, 49159, 11, 1721, 13, 21030, 2804, 413, 7360, 395, 1753, 3176, 558, 63446, 316, 1879, 8437, 2804, 810, 316, 290, 49159, 9334, 25, 461, 44580, 6120, 200007, 200006, 77944, 200008, 2, 20574, 279, 877, 9964, 279, 4797, 9964, 95359, 6318, 3322, 483, 261, 10185, 5701, 6011, 558, 2493, 622, 20405, 21978, 314, 11350, 25, 10168, 623, 4170, 328, 290, 41844, 484, 382, 21482, 316, 290, 5296, 16547, 456, 78225, 1537, 25, 1621, 412, 9263, 871, 1062, 502, 92, 602, 9819, 9964, 200007, 200006, 17360, 200008, 3575, 553, 93594, 261, 3566, 328, 13816, 13, 355, 22682, 665, 413, 261, 3566, 328, 19297, 503, 261, 4590, 11793, 13, 11555, 22682, 382, 5371, 316, 17722, 261, 4857, 3675, 328, 5296, 13, 4886, 3349, 6664, 123177, 13638, 316, 261, 9595, 22682, 11, 9278, 261, 620, 22682, 395, 261, 5296, 11, 5178, 13, 200007, 200006, 1428, 200008, 3575, 1309, 316, 14975, 290, 5296, 316, 261, 22682, 4596, 558, 976, 3100, 328, 290, 5296, 382, 1402, 2900, 177016, 5975, 395, 7178, 2237, 7155, 1238, 306, 57606, 5686, 11, 40747, 11, 16515, 395, 290, 20866, 220, 21283, 17, 197588, 62540, 40095, 326, 220, 667, 22, 11036, 78, 27522, 20944, 11, 316, 1646, 842, 1118, 2237, 8754, 395, 945, 306, 220, 1323, 17, 558, 2900, 105090, 279, 12253, 553, 1236, 6623, 2164, 1078, 290, 5296, 1402, 27022, 104259, 2694, 99822, 169349, 94270, 14572, 5135, 457, 30637, 52050, 5121, 5436, 7116, 3203, 174789, 11, 21371, 182884, 67758, 13, 19461, 112742, 353, 47176, 8734, 8033, 182884, 30962, 6178, 112742, 7116, 104259, 8734, 8033, 3203, 174789, 558, 2900, 177016, 8505, 198, 2900, 105090, 279, 41463, 382, 290, 2164, 328, 290, 9595, 22682, 15749, 13, 623, 6011, 382, 464, 1240, 62606, 27, 9186, 62606, 27, 69631, 6744, 29, 364, 2900, 177016, 27, 39398, 31088, 21, 62606, 27, 32, 10297, 29186, 484, 665, 3684, 290, 1880, 11, 13424, 53556, 3100, 11, 66687, 10327, 10370, 11, 326, 31053, 12331, 2164, 13, 62606, 27, 30616, 25, 3684, 95334, 11, 3684, 3567, 5368, 11, 3684, 3567, 5368, 3067, 26422, 11, 3684, 81741, 3276, 54968, 5342, 11, 13424, 61043, 16500, 11, 28248, 6236, 11, 3810, 67587, 138995, 44960, 523, 27, 26568, 34216, 18, 62606, 27, 32, 10297, 29186, 484, 665, 2273, 261, 7968, 328, 2698, 326, 13571, 13427, 11, 3463, 17625, 11, 6806, 87, 11, 7493, 11, 11065, 11, 326, 3823, 11, 5178, 13, 62606, 27, 30616, 25, 13424, 61043, 16500, 11, 3810, 67587, 138995, 10607, 11, 3810, 67587, 138995, 67826, 11, 3810, 67587, 138995, 44960, 11, 15792, 8330, 523, 27, 39739, 35205, 19, 62606, 27, 32, 10297, 29186, 484, 50847, 306, 57927, 11, 22458, 11, 326, 12323, 19383, 6291, 13, 5551, 11, 480, 6284, 3158, 290, 6179, 316, 3684, 395, 2164, 13, 1843, 290, 5296, 10860, 22752, 20860, 11, 480, 1757, 413, 21254, 316, 15792, 290, 3490, 1934, 5281, 480, 13, 62606, 27, 30616, 25, 15792, 8330, 11, 13424, 123860, 16500, 11, 13424, 61043, 16500, 3037, 2900, 105090, 279, 3575, 2804, 622, 290, 4170, 328, 290, 22682, 4596, 484, 481, 2411, 382, 1645, 18777, 328, 5306, 290, 5296, 558, 3335, 2208, 1543, 15921, 4414, 57927, 503, 22458, 11, 326, 290, 1543, 15921, 382, 625, 7168, 316, 50414, 12229, 7124, 350, 68, 1940, 13, 17437, 290, 6179, 936, 481, 1757, 1632, 290, 22682, 4596, 483, 5532, 57927, 503, 22458, 31631, 316, 621, 480, 13, 793, 200007, 200006, 173781, 200005, 17196, 200008, 40200, 456, 78225, 1537, 2337, 461, 39398, 31088, 21, 17352, 200007, 200006, 173781, 316, 28, 44580, 32620, 20405, 21978, 200005, 12606, 815, 5701, 200008, 10848, 456, 78225, 1537, 1243, 392, 39398, 31088, 21, 18583, 200012, 200006, 44580, 32620, 20405, 21978, 316, 28, 173781, 200005, 12606, 815, 200008, 40200, 456, 78225, 1537, 2337, 461, 39398, 31088, 21, 17352, 200007, 200006, 1428, 200008, 3575, 1309, 316, 14975, 290, 5296, 316, 261, 22682, 4596, 558, 976, 3100, 328, 290, 5296, 382, 1402, 2900, 177016, 33282, 290, 7357, 8451, 395, 2973, 220, 21283, 17, 197588, 62540, 40095, 326, 220, 667, 22, 11036, 78, 27522, 20944, 591, 290, 3684, 4376, 11, 26386, 290, 8451, 553, 13392, 2935, 179663, 503, 26964, 9610, 558, 2900, 105090, 279, 12253, 553, 1236, 6623, 2164, 1078, 290, 5296, 1402, 27022, 104259, 2694, 99822, 169349, 94270, 14572, 5135, 457, 30637, 52050, 5121, 5436, 7116, 3203, 174789, 11, 21371, 182884, 67758, 13, 19461, 112742, 353, 47176, 8734, 8033, 182884, 30962, 6178, 112742, 7116, 104259, 8734, 8033, 3203, 174789, 558, 2900, 177016, 8505, 198, 2900, 105090, 279, 41463, 382, 290, 2164, 328, 290, 9595, 22682, 15749, 13, 623, 6011, 382, 464, 1240, 62606, 27, 9186, 62606, 27, 69631, 6744, 29, 364, 2900, 177016, 27, 39398, 31088, 21, 62606, 27, 32, 10297, 29186, 484, 665, 3684, 290, 1880, 11, 13424, 53556, 3100, 11, 66687, 10327, 10370, 11, 326, 31053, 12331, 2164, 13, 62606, 27, 30616, 25, 3684, 95334, 11, 3684, 3567, 5368, 11, 3684, 3567, 5368, 3067, 26422, 11, 3684, 81741, 3276, 54968, 5342, 11, 13424, 61043, 16500, 11, 28248, 6236, 11, 3810, 67587, 138995, 44960, 11, 622, 20405, 21978, 523, 27, 26568, 34216, 18, 62606, 27, 32, 10297, 29186, 484, 665, 2273, 261, 7968, 328, 2698, 326, 13571, 13427, 11, 3463, 17625, 11, 6806, 87, 11, 7493, 11, 11065, 11, 326, 3823, 11, 5178, 13, 62606, 27, 30616, 25, 13424, 61043, 16500, 11, 3810, 67587, 138995, 10607, 11, 3810, 67587, 138995, 67826, 11, 3810, 67587, 138995, 44960, 11, 15792, 8330, 523, 27, 39739, 35205, 19, 62606, 27, 32, 10297, 29186, 484, 50847, 306, 57927, 11, 22458, 11, 326, 12323, 19383, 6291, 13, 5551, 11, 480, 6284, 3158, 290, 6179, 316, 3684, 395, 2164, 13, 1843, 290, 5296, 10860, 22752, 20860, 11, 480, 1757, 413, 21254, 316, 15792, 290, 3490, 1934, 5281, 480, 13, 62606, 27, 30616, 25, 15792, 8330, 11, 13424, 123860, 16500, 11, 13424, 61043, 16500, 3037, 2900, 105090, 279, 3575, 2804, 622, 290, 4170, 328, 290, 22682, 4596, 484, 481, 2411, 382, 1645, 18777, 328, 5306, 290, 5296, 558, 3335, 2208, 1543, 15921, 4414, 57927, 503, 22458, 11, 326, 290, 1543, 15921, 382, 625, 7168, 316, 50414, 12229, 7124, 350, 68, 1940, 13, 17437, 290, 6179, 936, 481, 1757, 1632, 290, 22682, 4596, 483, 5532, 57927, 503, 22458, 31631, 316, 621, 480, 13, 793, 200007, 200006, 1428, 200008, 8256, 36180, 290, 1114, 622, 20405, 21978, 316, 8866, 634, 4733, 13, 200007, 200006, 173781, 200005, 17196, 200008, 40200, 456, 78225, 1537, 2337, 461, 39398, 31088, 21, 17352, 200007, 200006, 173781, 316, 28, 44580, 32620, 20405, 21978, 200005, 12606, 815, 5701, 200008, 10848, 456, 78225, 1537, 1243, 392, 39398, 31088, 21, 18583, 200012, 200006, 44580, 32620, 20405, 21978, 316, 28, 173781, 200005, 12606, 815, 200008, 40200, 456, 78225, 1537, 2337, 461, 39398, 31088, 21, 17352, 200007, 200006, 1428, 200008, 3575, 1309, 316, 14975, 290, 5296, 316, 261, 22682, 4596, 558, 976, 3100, 328, 290, 5296, 382, 1402, 2900, 177016, 24973, 290, 7357, 8451, 328, 290, 1920, 12668, 316, 11433, 1118, 1001, 8754, 395, 945, 306, 220, 1323, 17, 558, 2900, 105090, 279, 12253, 553, 1236, 6623, 2164, 1078, 290, 5296, 1402, 27022, 104259, 2694, 99822, 169349, 94270, 14572, 5135, 457, 30637, 52050, 5121, 5436, 7116, 3203, 174789, 11, 21371, 182884, 67758, 13, 19461, 112742, 353, 47176, 8734, 8033, 182884, 30962, 6178, 112742, 7116, 104259, 8734, 8033, 3203, 174789, 558, 2900, 177016, 8505, 198, 2900, 105090, 279, 41463, 382, 290, 2164, 328, 290, 9595, 22682, 15749, 13, 623, 6011, 382, 464, 1240, 62606, 27, 9186, 62606, 27, 69631, 6744, 29, 364, 2900, 177016, 27, 39398, 31088, 21, 62606, 27, 32, 10297, 29186, 484, 665, 3684, 290, 1880, 11, 13424, 53556, 3100, 11, 66687, 10327, 10370, 11, 326, 31053, 12331, 2164, 13, 62606, 27, 30616, 25, 3684, 95334, 11, 3684, 3567, 5368, 11, 3684, 3567, 5368, 3067, 26422, 11, 3684, 81741, 3276, 54968, 5342, 11, 13424, 61043, 16500, 11, 28248, 6236, 11, 3810, 67587, 138995, 44960, 11, 622, 20405, 21978, 523, 27, 26568, 34216, 18, 62606, 27, 32, 10297, 29186, 484, 665, 2273, 261, 7968, 328, 2698, 326, 13571, 13427, 11, 3463, 17625, 11, 6806, 87, 11, 7493, 11, 11065, 11, 326, 3823, 11, 5178, 13, 62606, 27, 30616, 25, 13424, 61043, 16500, 11, 3810, 67587, 138995, 10607, 11, 3810, 67587, 138995, 67826, 11, 3810, 67587, 138995, 44960, 11, 15792, 8330, 523, 27, 39739, 35205, 19, 62606, 27, 32, 10297, 29186, 484, 50847, 306, 57927, 11, 22458, 11, 326, 12323, 19383, 6291, 13, 5551, 11, 480, 6284, 3158, 290, 6179, 316, 3684, 395, 2164, 13, 1843, 290, 5296, 10860, 22752, 20860, 11, 480, 1757, 413, 21254, 316, 15792, 290, 3490, 1934, 5281, 480, 13, 62606, 27, 30616, 25, 15792, 8330, 11, 13424, 123860, 16500, 11, 13424, 61043, 16500, 3037, 2900, 105090, 279, 3575, 2804, 622, 290, 4170, 328, 290, 22682, 4596, 484, 481, 2411, 382, 1645, 18777, 328, 5306, 290, 5296, 558, 3335, 2208, 1543, 15921, 4414, 57927, 503, 22458, 11, 326, 290, 1543, 15921, 382, 625, 7168, 316, 50414, 12229, 7124, 350, 68, 1940, 13, 17437, 290, 6179, 936, 481, 1757, 1632, 290, 22682, 4596, 483, 5532, 57927, 503, 22458, 31631, 316, 621, 480, 13, 793, 200007, 200006, 173781, 200005, 17196, 200008, 40200, 456, 78225, 1537, 2337, 461, 39739, 35205, 19, 17352, 200007, 200006, 173781, 316, 28, 44580, 32620, 20405, 21978, 200005, 12606, 815, 5701, 200008, 10848, 456, 78225, 1537, 1243, 392, 39739, 35205, 19, 18583, 200012, 200006, 44580, 32620, 20405, 21978, 316, 28, 173781, 200005, 12606, 815, 200008, 40200, 456, 78225, 1537, 2337, 461, 39739, 35205, 19, 17352, 200007, 200006, 1428, 200008, 3575, 1309, 316, 14975, 290, 5296, 316, 261, 22682, 4596, 558, 976, 3100, 328, 290, 5296, 382, 1402, 2900, 177016, 37762, 290, 7357, 8451, 326, 19211, 1534, 2360, 448, 13319, 4256, 503, 2595, 316, 6757, 18580, 558, 2900, 105090, 279, 12253, 553, 1236, 6623, 2164, 1078, 290, 5296, 1402, 27022, 104259, 2694, 99822, 169349, 94270, 14572, 5135, 457, 30637, 52050, 5121, 5436, 7116, 3203, 174789, 11, 21371, 182884, 67758, 13, 19461, 112742, 353, 47176, 8734, 8033, 182884, 30962, 6178, 112742, 7116, 104259, 8734, 8033, 3203, 174789, 558, 2900, 177016, 8505, 198, 2900, 105090, 279, 41463, 382, 290, 2164, 328, 290, 9595, 22682, 15749, 13, 623, 6011, 382, 464, 1240, 62606, 27, 9186, 62606, 27, 69631, 6744, 29, 364, 2900, 177016, 27, 39398, 31088, 21, 62606, 27, 32, 10297, 29186, 484, 665, 3684, 290, 1880, 11, 13424, 53556, 3100, 11, 66687, 10327, 10370, 11, 326, 31053, 12331, 2164, 13, 62606, 27, 30616, 25, 3684, 95334, 11, 3684, 3567, 5368, 11, 3684, 3567, 5368, 3067, 26422, 11, 3684, 81741, 3276, 54968, 5342, 11, 13424, 61043, 16500, 11, 28248, 6236, 11, 3810, 67587, 138995, 44960, 11, 622, 20405, 21978, 523, 27, 26568, 34216, 18, 62606, 27, 32, 10297, 29186, 484, 665, 2273, 261, 7968, 328, 2698, 326, 13571, 13427, 11, 3463, 17625, 11, 6806, 87, 11, 7493, 11, 11065, 11, 326, 3823, 11, 5178, 13, 62606, 27, 30616, 25, 13424, 61043, 16500, 11, 3810, 67587, 138995, 10607, 11, 3810, 67587, 138995, 67826, 11, 3810, 67587, 138995, 44960, 11, 15792, 8330, 523, 27, 39739, 35205, 19, 62606, 27, 32, 10297, 29186, 484, 50847, 306, 57927, 11, 22458, 11, 326, 12323, 19383, 6291, 13, 5551, 11, 480, 6284, 3158, 290, 6179, 316, 3684, 395, 2164, 13, 1843, 290, 5296, 10860, 22752, 20860, 11, 480, 1757, 413, 21254, 316, 15792, 290, 3490, 1934, 5281, 480, 13, 62606, 27, 30616, 25, 15792, 8330, 11, 13424, 123860, 16500, 11, 13424, 61043, 16500, 11, 622, 20405, 21978, 3037, 2900, 105090, 279, 3575, 2804, 622, 290, 4170, 328, 290, 22682, 4596, 484, 481, 2411, 382, 1645, 18777, 328, 5306, 290, 5296, 558, 3335, 2208, 1543, 15921, 4414, 57927, 503, 22458, 11, 326, 290, 1543, 15921, 382, 625, 7168, 316, 50414, 12229, 7124, 350, 68, 1940, 13, 17437, 290, 6179, 936, 481, 1757, 1632, 290, 22682, 4596, 483, 5532, 57927, 503, 22458, 31631, 316, 621, 480, 13, 793, 200007, 200006, 173781, 200005, 35644, 200008, 976, 5296, 25, 392, 37762, 290, 7357, 8451, 326, 19211, 1534, 2360, 448, 13319, 4256, 503, 2595, 316, 6757, 18580, 3692, 1328, 10860, 17437, 290, 1880, 2418, 350, 166593, 4256, 8, 316, 14866, 13, 2632, 1309, 6179, 3158, 13, 59956, 220, 39398, 31088, 21, 665, 3684, 1880, 13, 59956, 220, 26568, 34216, 18, 14340, 13427, 889, 860, 1880, 13, 59956, 220, 39739, 35205, 19, 6284, 3158, 6179, 13, 2632, 14975, 316, 220, 39398, 31088, 21, 13, 6318, 8205, 4493, 1114, 13, 200007, 200006, 173781, 200005, 12606, 815, 316, 28, 44580, 32620, 20405, 21978, 220, 200003, 4108, 200008, 10848, 456, 78225, 1537, 1243, 392, 39398, 31088, 21, 18583, 200012]"
1680,83,2,[12],"[200006, 77944, 200008, 2, 68406, 2499, 3575, 553, 261, 10297, 29186, 484, 665, 3684, 290, 1880, 11, 13424, 53556, 3100, 11, 66687, 10327, 10370, 11, 326, 3587, 12331, 2164, 316, 17722, 290, 4335, 5296, 558, 25627, 306, 4246, 484, 734, 12, 3756, 625, 413, 65677, 21716, 306, 634, 2316, 7124, 13, 124801, 665, 3587, 261, 50568, 18418, 326, 1652, 14986, 9595, 7124, 13, 4066, 12, 1843, 1001, 2006, 28336, 316, 3587, 448, 6052, 11, 2075, 1273, 6984, 503, 7933, 13, 623, 6052, 2226, 13031, 558, 12, 1843, 290, 3684, 88814, 382, 537, 11283, 1500, 889, 290, 9206, 5124, 591, 448, 107087, 4256, 11, 2075, 4030, 290, 3438, 395, 945, 4878, 13, 4066, 12, 4296, 3778, 395, 4857, 57979, 4824, 350, 68, 1940, 4213, 22678, 22586, 936, 90916, 15048, 11525, 326, 8397, 64139, 1606, 402, 3684, 130631, 13, 4066, 12, 4296, 37367, 13638, 484, 1841, 1880, 43167, 11, 2371, 26487, 1577, 2254, 29457, 1273, 12162, 13, 4066, 12, 1608, 665, 1217, 66687, 10327, 10370, 316, 717, 945, 2164, 503, 14866, 290, 2164, 481, 679, 2491, 558, 12, 28835, 30937, 382, 1217, 10297, 395, 12129, 3783, 67852, 13, 28835, 30937, 12084, 621, 625, 23517, 1309, 316, 1646, 4857, 14716, 11, 889, 665, 1217, 1652, 1646, 1880, 3011, 67852, 484, 10232, 14716, 350, 77091, 6541, 316, 1646, 1819, 4705, 1880, 43167, 741, 1608, 665, 1646, 290, 6052, 316, 290, 4928, 656, 22415, 29068, 12084, 402, 290, 9206, 11, 2238, 472, 117088, 290, 3100, 328, 290, 53556, 558, 12, 3756, 625, 29810, 25222, 402, 3213, 8437, 503, 10327, 30937, 316, 1646, 290, 6052, 11, 481, 1757, 21700, 3213, 8437, 326, 10327, 30937, 316, 13576, 130352, 2273, 1880, 3011, 2164, 13, 6083, 3100, 1340, 1309, 316, 621, 10327, 30937, 316, 717, 11, 503, 1236, 3100, 382, 44923, 656, 79013, 558, 12, 730, 634, 3322, 11, 481, 1757, 8633, 290, 63647, 481, 679, 18416, 326, 23478, 364, 12253, 553, 1236, 9858, 484, 1652, 481, 3347, 1880, 3684, 734, 12, 28741, 1147, 3101, 1991, 29778, 306, 634, 3684, 5703, 0, 6083, 14633, 4376, 1309, 316, 3347, 10327, 22391, 316, 717, 11, 625, 2360, 3684, 116928, 558, 12, 1843, 290, 4928, 382, 8012, 11, 3684, 4376, 13729, 621, 625, 3587, 31687, 14716, 13, 1225, 382, 625, 6960, 316, 1646, 290, 6052, 8516, 2360, 3684, 116928, 1606, 11, 290, 3684, 5703, 1757, 413, 82463, 326, 26671, 402, 12129, 7313, 11525, 7542, 1572, 2823, 14716, 558, 220, 2214, 4994, 11, 472, 395, 290, 4928, 392, 4827, 382, 290, 10562, 5517, 306, 29514, 328, 1069, 24, 306, 290, 1577, 6743, 98967, 4022, 402, 1608, 13151, 484, 673, 4862, 9917, 7065, 316, 290, 139188, 12352, 115479, 3438, 58900, 634, 1577, 3684, 2914, 2804, 413, 81371, 18511, 3883, 1299, 392, 40005, 98967, 1608, 13151, 1, 316, 1646, 290, 38037, 3438, 1577, 11, 326, 1815, 2075, 1273, 8975, 18511, 3883, 3684, 5941, 5983, 23541, 41570, 316, 1646, 945, 63647, 558, 12, 623, 4376, 481, 622, 621, 625, 679, 316, 8516, 6052, 290, 4756, 4928, 11, 481, 1606, 1309, 316, 7916, 12331, 2164, 8525, 2, 20574, 279, 877, 9964, 279, 4797, 9964, 95359, 7649, 5800, 3684, 6018, 316, 3684, 2164, 395, 290, 4335, 5703, 558, 2493, 3684, 95334, 314, 11350, 25, 10168, 623, 5703, 316, 413, 43852, 558, 2975, 25, 1621, 20046, 623, 2086, 328, 1534, 8537, 316, 31053, 558, 4571, 11623, 52628, 25, 2086, 412, 9263, 871, 1062, 20544, 10497, 290, 9481, 306, 52656, 47, 5435, 326, 622, 290, 18522, 328, 290, 198, 12919, 3011, 11, 15683, 106694, 2164, 1078, 198, 271, 290, 4335, 9481, 558, 2493, 3684, 3567, 5368, 314, 11350, 25, 10168, 623, 9481, 316, 413, 43852, 558, 5812, 25, 1621, 412, 9263, 871, 1062, 20544, 2942, 290, 85725, 328, 261, 26487, 9481, 306, 261, 4335, 2944, 11, 622, 290, 44616, 4666, 558, 2493, 3684, 3567, 5368, 3067, 26422, 314, 11350, 25, 10168, 290, 1308, 328, 290, 26487, 9481, 11, 319, 1940, 13, 392, 82255, 28482, 1092, 5812, 25, 1621, 20046, 290, 1284, 11, 319, 1940, 13, 220, 1323, 17, 198, 5682, 25, 2086, 20046, 290, 2944, 11, 319, 1940, 13, 220, 899, 198, 18648, 25, 2086, 412, 9263, 871, 1062, 20544, 29844, 261, 4666, 11, 3684, 290, 2006, 2205, 7342, 326, 7377, 290, 81026, 3926, 328, 290, 4666, 395, 261, 4335, 3521, 558, 2493, 3684, 81741, 3276, 54968, 5342, 314, 11350, 25, 10168, 623, 4666, 316, 3684, 395, 558, 1804, 25, 1621, 20046, 623, 3521, 316, 3684, 395, 13, 623, 6011, 1757, 413, 135897, 12365, 9661, 558, 1319, 25, 1621, 412, 9263, 871, 1062, 20544, 39239, 290, 3100, 328, 261, 4335, 3213, 350, 267, 4666, 8, 326, 622, 290, 23478, 2201, 558, 3206, 1340, 6690, 842, 1236, 2164, 11, 20547, 306, 94365, 3100, 558, 2493, 13424, 61043, 16500, 314, 11350, 25, 10168, 623, 3104, 328, 290, 3213, 316, 413, 23478, 11, 4784, 261, 2698, 3104, 503, 261, 9206, 13, 1225, 665, 2273, 3621, 11, 11065, 6291, 11, 16216, 6291, 326, 146872, 11, 5178, 558, 11557, 5558, 25, 1621, 20046, 623, 5703, 316, 413, 2061, 395, 104762, 290, 3100, 13, 1843, 290, 3100, 382, 3101, 1701, 11, 290, 5703, 738, 413, 2061, 316, 11410, 1118, 997, 8895, 290, 12331, 2164, 350, 9995, 460, 2971, 741, 623, 5703, 1757, 413, 20434, 483, 290, 2208, 5296, 558, 2975, 25, 1621, 412, 9263, 871, 1062, 20544, 355, 11629, 116928, 1118, 665, 66687, 290, 10327, 22391, 316, 17722, 290, 5296, 1118, 4414, 12151, 41570, 10370, 558, 2493, 28248, 6236, 314, 11350, 25, 10168, 623, 5296, 15226, 316, 17722, 558, 15921, 157118, 25, 1621, 20046, 623, 1604, 9206, 316, 4030, 558, 5236, 6236, 25, 1621, 412, 9263, 871, 1062, 20544, 23600, 261, 4928, 1078, 290, 3823, 558, 2493, 3810, 67587, 138995, 44960, 314, 11350, 25, 10168, 623, 3104, 316, 290, 3823, 1974, 558, 17615, 5558, 25, 1621, 20046, 623, 4928, 316, 3810, 1078, 290, 3823, 558, 14921, 25, 1621, 412, 9263, 871, 1062, 20544, 6318, 3322, 483, 261, 10185, 5701, 6011, 558, 2493, 622, 20405, 21978, 314, 11350, 25, 10168, 623, 1534, 328, 290, 5296, 16547, 3252, 25, 1621, 20046, 40343, 34700, 5588, 290, 5296, 12323, 9363, 16547, 33814, 25, 3870, 412, 9263, 871, 1062, 502, 92, 602, 9819, 9964, 200007, 200006, 1428, 200008, 2167, 553, 37367, 261, 8012, 5296, 11, 326, 581, 679, 12648, 290, 5296, 1511, 4919, 25091, 9523, 558, 1944, 3575, 1309, 316, 2273, 1001, 4335, 5296, 13, 19666, 19429, 484, 290, 4792, 382, 3975, 123669, 13, 623, 6052, 2226, 4310, 13, 1843, 481, 8535, 17722, 290, 5296, 11, 4843, 12886, 290, 5207, 326, 290, 1534, 481, 679, 23088, 306, 10851, 558, 976, 3100, 328, 290, 5296, 484, 481, 1309, 316, 621, 382, 1402, 27, 15921, 523, 37762, 290, 7357, 8451, 326, 19211, 1534, 2360, 448, 13319, 4256, 503, 2595, 316, 6757, 18580, 558, 808, 15921, 523, 1944, 12253, 382, 290, 10705, 5296, 395, 9682, 11, 1118, 8895, 1236, 10297, 2164, 484, 665, 1652, 481, 17722, 290, 5296, 1402, 27, 159046, 27167, 523, 40, 4572, 9791, 1078, 14279, 922, 2237, 11, 813, 357, 1682, 316, 4484, 945, 1078, 1495, 12668, 306, 922, 3624, 8754, 8422, 13, 357, 4561, 306, 57606, 5686, 11, 40747, 11, 1118, 382, 402, 290, 18149, 328, 532, 30761, 13, 357, 1761, 1920, 12668, 5862, 668, 484, 8754, 306, 220, 1323, 17, 1504, 220, 21283, 17, 197588, 62540, 40095, 11, 326, 220, 667, 22, 11036, 78, 27522, 20944, 13, 9764, 1118, 328, 2617, 12668, 8754, 395, 945, 306, 220, 1323, 17, 11, 326, 5485, 668, 1495, 2009, 480, 8754, 395, 13, 6070, 1573, 3006, 179663, 503, 26964, 9610, 306, 290, 6052, 558, 808, 159046, 27167, 3037, 12253, 553, 4376, 328, 1236, 141483, 4376, 484, 481, 665, 6716, 316, 350, 6857, 538, 1354, 553, 860, 141483, 4376, 15626, 27, 134568, 31049, 6744, 523, 976, 2237, 540, 220, 21283, 17, 197588, 62540, 40095, 306, 57606, 5686, 11, 40747, 11, 8754, 395, 548, 16, 11, 9659, 11, 1302, 306, 220, 1323, 17, 13, 623, 2237, 540, 220, 667, 22, 11036, 78, 27522, 20944, 8754, 395, 548, 9752, 11, 1302, 306, 220, 1323, 17, 13, 19233, 11, 290, 2237, 540, 220, 21283, 17, 197588, 62540, 40095, 8754, 395, 945, 306, 220, 1323, 17, 364, 12, 220, 21283, 17, 197588, 62540, 40095, 25, 548, 16, 11, 9659, 11, 1302, 198, 12, 220, 667, 22, 11036, 78, 27522, 20944, 25, 548, 9752, 11, 1302, 198, 976, 7357, 8451, 395, 290, 12668, 553, 4279, 5181, 306, 290, 50228, 4376, 1402, 12, 220, 21283, 17, 197588, 62540, 40095, 25, 548, 16, 11, 9659, 11, 1302, 198, 12, 220, 667, 22, 11036, 78, 27522, 20944, 25, 548, 9752, 11, 1302, 279, 1385, 3333, 1879, 8451, 2935, 179663, 503, 26964, 9610, 1402, 12, 220, 21283, 17, 197588, 62540, 40095, 25, 220, 15970, 1302, 15, 198, 12, 220, 667, 22, 11036, 78, 27522, 20944, 25, 220, 9752, 1302, 198, 21283, 17, 197588, 62540, 40095, 8754, 395, 945, 306, 220, 1323, 17, 11, 540, 220, 15970, 1302, 15, 364, 808, 134568, 31049, 6744, 3037, 12253, 553, 1236, 6623, 2164, 1078, 290, 5296, 350, 7393, 395, 9682, 11, 326, 1340, 413, 8213, 1883, 27, 69631, 6744, 523, 8505, 198, 808, 69631, 6744, 3037, 10620, 4843, 9637, 48255, 290, 2164, 5151, 11, 2075, 634, 1636, 316, 48255, 290, 9595, 4376, 326, 634, 2839, 8437, 316, 17722, 290, 2208, 5296, 364, 3335, 481, 1309, 316, 5067, 3490, 11, 3779, 10419, 3490, 1299, 392, 18582, 3490, 672, 634, 3490, 1757, 413, 9141, 150488, 326, 3741, 316, 9637, 17722, 290, 5296, 13, 6311, 5281, 290, 3490, 11, 481, 2804, 15792, 290, 3490, 558, 3335, 481, 553, 2966, 316, 2273, 2698, 6291, 11, 481, 1757, 45615, 8633, 722, 290, 23478, 1974, 3104, 350, 58447, 48182, 6291, 306, 16216, 6291, 8, 306, 634, 6052, 316, 1632, 1273, 13816, 1761, 1919, 316, 1646, 290, 1974, 558, 3335, 481, 1646, 290, 1543, 15921, 382, 328, 860, 1652, 316, 5533, 290, 10705, 5296, 4122, 402, 290, 2164, 481, 20480, 11, 481, 1757, 1520, 290, 1543, 15921, 9363, 11, 326, 622, 634, 38415, 395, 290, 2613, 5983, 13, 350, 68, 1940, 13, 481, 553, 7747, 316, 13424, 290, 3100, 328, 290, 3213, 11, 889, 290, 3213, 382, 3101, 1701, 13, 1225, 382, 3432, 316, 5067, 22752, 3490, 316, 2273, 480, 8, 200007, 200006, 173781, 200005, 12606, 815, 316, 28, 44580, 16718, 95334, 220, 200003, 4108, 200008, 10848, 2975, 1243, 392, 21283, 17, 197588, 62540, 40095, 57606, 5686, 40747, 2237, 7357, 3911, 220, 1323, 17, 672, 392, 4571, 11623, 52628, 1243, 220, 16, 92, 200012, 200006, 173781, 200005, 12606, 815, 316, 28, 44580, 16718, 95334, 220, 200003, 4108, 200008, 10848, 2975, 1243, 392, 667, 22, 11036, 78, 27522, 20944, 57606, 5686, 40747, 2237, 7357, 3911, 220, 1323, 17, 672, 392, 4571, 11623, 52628, 1243, 220, 16, 92, 200012]"
2184,60,2,[13],"[200006, 77944, 200008, 2, 68406, 2499, 3575, 553, 261, 10297, 29186, 484, 665, 3684, 290, 1880, 11, 13424, 53556, 3100, 11, 66687, 10327, 10370, 11, 326, 3587, 12331, 2164, 316, 17722, 290, 4335, 5296, 558, 25627, 306, 4246, 484, 734, 12, 3756, 625, 413, 65677, 21716, 306, 634, 2316, 7124, 13, 124801, 665, 3587, 261, 50568, 18418, 326, 1652, 14986, 9595, 7124, 13, 4066, 12, 1843, 1001, 2006, 28336, 316, 3587, 448, 6052, 11, 2075, 1273, 6984, 503, 7933, 13, 623, 6052, 2226, 13031, 558, 12, 1843, 290, 3684, 88814, 382, 537, 11283, 1500, 889, 290, 9206, 5124, 591, 448, 107087, 4256, 11, 2075, 4030, 290, 3438, 395, 945, 4878, 13, 4066, 12, 4296, 3778, 395, 4857, 57979, 4824, 350, 68, 1940, 4213, 22678, 22586, 936, 90916, 15048, 11525, 326, 8397, 64139, 1606, 402, 3684, 130631, 13, 4066, 12, 4296, 37367, 13638, 484, 1841, 1880, 43167, 11, 2371, 26487, 1577, 2254, 29457, 1273, 12162, 13, 4066, 12, 1608, 665, 1217, 66687, 10327, 10370, 316, 717, 945, 2164, 503, 14866, 290, 2164, 481, 679, 2491, 558, 12, 28835, 30937, 382, 1217, 10297, 395, 12129, 3783, 67852, 13, 28835, 30937, 12084, 621, 625, 23517, 1309, 316, 1646, 4857, 14716, 11, 889, 665, 1217, 1652, 1646, 1880, 3011, 67852, 484, 10232, 14716, 350, 77091, 6541, 316, 1646, 1819, 4705, 1880, 43167, 741, 1608, 665, 1646, 290, 6052, 316, 290, 4928, 656, 22415, 29068, 12084, 402, 290, 9206, 11, 2238, 472, 117088, 290, 3100, 328, 290, 53556, 558, 12, 3756, 625, 29810, 25222, 402, 3213, 8437, 503, 10327, 30937, 316, 1646, 290, 6052, 11, 481, 1757, 21700, 3213, 8437, 326, 10327, 30937, 316, 13576, 130352, 2273, 1880, 3011, 2164, 13, 6083, 3100, 1340, 1309, 316, 621, 10327, 30937, 316, 717, 11, 503, 1236, 3100, 382, 44923, 656, 79013, 558, 12, 730, 634, 3322, 11, 481, 1757, 8633, 290, 63647, 481, 679, 18416, 326, 23478, 364, 12253, 553, 1236, 9858, 484, 1652, 481, 3347, 1880, 3684, 734, 12, 28741, 1147, 3101, 1991, 29778, 306, 634, 3684, 5703, 0, 6083, 14633, 4376, 1309, 316, 3347, 10327, 22391, 316, 717, 11, 625, 2360, 3684, 116928, 558, 12, 1843, 290, 4928, 382, 8012, 11, 3684, 4376, 13729, 621, 625, 3587, 31687, 14716, 13, 1225, 382, 625, 6960, 316, 1646, 290, 6052, 8516, 2360, 3684, 116928, 1606, 11, 290, 3684, 5703, 1757, 413, 82463, 326, 26671, 402, 12129, 7313, 11525, 7542, 1572, 2823, 14716, 558, 220, 2214, 4994, 11, 472, 395, 290, 4928, 392, 4827, 382, 290, 10562, 5517, 306, 29514, 328, 1069, 24, 306, 290, 1577, 6743, 98967, 4022, 402, 1608, 13151, 484, 673, 4862, 9917, 7065, 316, 290, 139188, 12352, 115479, 3438, 58900, 634, 1577, 3684, 2914, 2804, 413, 81371, 18511, 3883, 1299, 392, 40005, 98967, 1608, 13151, 1, 316, 1646, 290, 38037, 3438, 1577, 11, 326, 1815, 2075, 1273, 8975, 18511, 3883, 3684, 5941, 5983, 23541, 41570, 316, 1646, 945, 63647, 558, 12, 623, 4376, 481, 622, 621, 625, 679, 316, 8516, 6052, 290, 4756, 4928, 11, 481, 1606, 1309, 316, 7916, 12331, 2164, 8525, 2, 20574, 279, 877, 9964, 279, 4797, 9964, 95359, 7649, 5800, 3684, 6018, 316, 3684, 2164, 395, 290, 4335, 5703, 558, 2493, 3684, 95334, 314, 11350, 25, 10168, 623, 5703, 316, 413, 43852, 558, 2975, 25, 1621, 20046, 623, 2086, 328, 1534, 8537, 316, 31053, 558, 4571, 11623, 52628, 25, 2086, 412, 9263, 871, 1062, 20544, 10497, 290, 9481, 306, 52656, 47, 5435, 326, 622, 290, 18522, 328, 290, 198, 12919, 3011, 11, 15683, 106694, 2164, 1078, 198, 271, 290, 4335, 9481, 558, 2493, 3684, 3567, 5368, 314, 11350, 25, 10168, 623, 9481, 316, 413, 43852, 558, 5812, 25, 1621, 412, 9263, 871, 1062, 20544, 2942, 290, 85725, 328, 261, 26487, 9481, 306, 261, 4335, 2944, 11, 622, 290, 44616, 4666, 558, 2493, 3684, 3567, 5368, 3067, 26422, 314, 11350, 25, 10168, 290, 1308, 328, 290, 26487, 9481, 11, 319, 1940, 13, 392, 82255, 28482, 1092, 5812, 25, 1621, 20046, 290, 1284, 11, 319, 1940, 13, 220, 1323, 17, 198, 5682, 25, 2086, 20046, 290, 2944, 11, 319, 1940, 13, 220, 899, 198, 18648, 25, 2086, 412, 9263, 871, 1062, 20544, 29844, 261, 4666, 11, 3684, 290, 2006, 2205, 7342, 326, 7377, 290, 81026, 3926, 328, 290, 4666, 395, 261, 4335, 3521, 558, 2493, 3684, 81741, 3276, 54968, 5342, 314, 11350, 25, 10168, 623, 4666, 316, 3684, 395, 558, 1804, 25, 1621, 20046, 623, 3521, 316, 3684, 395, 13, 623, 6011, 1757, 413, 135897, 12365, 9661, 558, 1319, 25, 1621, 412, 9263, 871, 1062, 20544, 39239, 290, 3100, 328, 261, 4335, 3213, 350, 267, 4666, 8, 326, 622, 290, 23478, 2201, 558, 3206, 1340, 6690, 842, 1236, 2164, 11, 20547, 306, 94365, 3100, 558, 2493, 13424, 61043, 16500, 314, 11350, 25, 10168, 623, 3104, 328, 290, 3213, 316, 413, 23478, 11, 4784, 261, 2698, 3104, 503, 261, 9206, 13, 1225, 665, 2273, 3621, 11, 11065, 6291, 11, 16216, 6291, 326, 146872, 11, 5178, 558, 11557, 5558, 25, 1621, 20046, 623, 5703, 316, 413, 2061, 395, 104762, 290, 3100, 13, 1843, 290, 3100, 382, 3101, 1701, 11, 290, 5703, 738, 413, 2061, 316, 11410, 1118, 997, 8895, 290, 12331, 2164, 350, 9995, 460, 2971, 741, 623, 5703, 1757, 413, 20434, 483, 290, 2208, 5296, 558, 2975, 25, 1621, 412, 9263, 871, 1062, 20544, 355, 11629, 116928, 1118, 665, 66687, 290, 10327, 22391, 316, 17722, 290, 5296, 1118, 4414, 12151, 41570, 10370, 558, 2493, 28248, 6236, 314, 11350, 25, 10168, 623, 5296, 15226, 316, 17722, 558, 15921, 157118, 25, 1621, 20046, 623, 1604, 9206, 316, 4030, 558, 5236, 6236, 25, 1621, 412, 9263, 871, 1062, 20544, 23600, 261, 4928, 1078, 290, 3823, 558, 2493, 3810, 67587, 138995, 44960, 314, 11350, 25, 10168, 623, 3104, 316, 290, 3823, 1974, 558, 17615, 5558, 25, 1621, 20046, 623, 4928, 316, 3810, 1078, 290, 3823, 558, 14921, 25, 1621, 412, 9263, 871, 1062, 20544, 6318, 3322, 483, 261, 10185, 5701, 6011, 558, 2493, 622, 20405, 21978, 314, 11350, 25, 10168, 623, 1534, 328, 290, 5296, 16547, 3252, 25, 1621, 20046, 40343, 34700, 5588, 290, 5296, 12323, 9363, 16547, 33814, 25, 3870, 412, 9263, 871, 1062, 502, 92, 602, 9819, 9964, 200007, 200006, 1428, 200008, 2167, 553, 37367, 261, 8012, 5296, 11, 326, 581, 679, 12648, 290, 5296, 1511, 4919, 25091, 9523, 558, 1944, 3575, 1309, 316, 2273, 1001, 4335, 5296, 13, 19666, 19429, 484, 290, 4792, 382, 3975, 123669, 13, 623, 6052, 2226, 4310, 13, 1843, 481, 8535, 17722, 290, 5296, 11, 4843, 12886, 290, 5207, 326, 290, 1534, 481, 679, 23088, 306, 10851, 558, 976, 3100, 328, 290, 5296, 484, 481, 1309, 316, 621, 382, 1402, 27, 15921, 523, 37762, 290, 7357, 8451, 326, 19211, 1534, 2360, 448, 13319, 4256, 503, 2595, 316, 6757, 18580, 558, 808, 15921, 523, 1944, 12253, 382, 290, 10705, 5296, 395, 9682, 11, 1118, 8895, 1236, 10297, 2164, 484, 665, 1652, 481, 17722, 290, 5296, 1402, 27, 159046, 27167, 523, 40, 4572, 9791, 1078, 14279, 922, 2237, 11, 813, 357, 1682, 316, 4484, 945, 1078, 1495, 12668, 306, 922, 3624, 8754, 8422, 13, 357, 4561, 306, 57606, 5686, 11, 40747, 11, 1118, 382, 402, 290, 18149, 328, 532, 30761, 13, 357, 1761, 1920, 12668, 5862, 668, 484, 8754, 306, 220, 1323, 17, 1504, 220, 21283, 17, 197588, 62540, 40095, 11, 326, 220, 667, 22, 11036, 78, 27522, 20944, 13, 9764, 1118, 328, 2617, 12668, 8754, 395, 945, 306, 220, 1323, 17, 11, 326, 5485, 668, 1495, 2009, 480, 8754, 395, 13, 6070, 1573, 3006, 179663, 503, 26964, 9610, 306, 290, 6052, 558, 808, 159046, 27167, 3037, 12253, 553, 4376, 328, 1236, 141483, 4376, 484, 481, 665, 6716, 316, 350, 6857, 538, 1354, 553, 860, 141483, 4376, 15626, 27, 134568, 31049, 6744, 523, 976, 2237, 540, 220, 21283, 17, 197588, 62540, 40095, 306, 57606, 5686, 11, 40747, 11, 8754, 395, 548, 16, 11, 9659, 11, 1302, 306, 220, 1323, 17, 13, 623, 2237, 540, 220, 667, 22, 11036, 78, 27522, 20944, 8754, 395, 548, 9752, 11, 1302, 306, 220, 1323, 17, 13, 19233, 11, 290, 2237, 540, 220, 21283, 17, 197588, 62540, 40095, 8754, 395, 945, 306, 220, 1323, 17, 364, 12, 220, 21283, 17, 197588, 62540, 40095, 25, 548, 16, 11, 9659, 11, 1302, 198, 12, 220, 667, 22, 11036, 78, 27522, 20944, 25, 548, 9752, 11, 1302, 198, 976, 7357, 8451, 395, 290, 12668, 553, 4279, 5181, 306, 290, 50228, 4376, 1402, 12, 220, 21283, 17, 197588, 62540, 40095, 25, 548, 16, 11, 9659, 11, 1302, 198, 12, 220, 667, 22, 11036, 78, 27522, 20944, 25, 548, 9752, 11, 1302, 279, 1385, 3333, 1879, 8451, 2935, 179663, 503, 26964, 9610, 1402, 12, 220, 21283, 17, 197588, 62540, 40095, 25, 220, 15970, 1302, 15, 198, 12, 220, 667, 22, 11036, 78, 27522, 20944, 25, 220, 9752, 1302, 198, 21283, 17, 197588, 62540, 40095, 8754, 395, 945, 306, 220, 1323, 17, 11, 540, 220, 15970, 1302, 15, 364, 808, 134568, 31049, 6744, 3037, 12253, 553, 1236, 6623, 2164, 1078, 290, 5296, 350, 7393, 395, 9682, 11, 326, 1340, 413, 8213, 1883, 27, 69631, 6744, 523, 8505, 198, 808, 69631, 6744, 3037, 10620, 4843, 9637, 48255, 290, 2164, 5151, 11, 2075, 634, 1636, 316, 48255, 290, 9595, 4376, 326, 634, 2839, 8437, 316, 17722, 290, 2208, 5296, 364, 3335, 481, 1309, 316, 5067, 3490, 11, 3779, 10419, 3490, 1299, 392, 18582, 3490, 672, 634, 3490, 1757, 413, 9141, 150488, 326, 3741, 316, 9637, 17722, 290, 5296, 13, 6311, 5281, 290, 3490, 11, 481, 2804, 15792, 290, 3490, 558, 3335, 481, 553, 2966, 316, 2273, 2698, 6291, 11, 481, 1757, 45615, 8633, 722, 290, 23478, 1974, 3104, 350, 58447, 48182, 6291, 306, 16216, 6291, 8, 306, 634, 6052, 316, 1632, 1273, 13816, 1761, 1919, 316, 1646, 290, 1974, 558, 3335, 481, 1646, 290, 1543, 15921, 382, 328, 860, 1652, 316, 5533, 290, 10705, 5296, 4122, 402, 290, 2164, 481, 20480, 11, 481, 1757, 1520, 290, 1543, 15921, 9363, 11, 326, 622, 634, 38415, 395, 290, 2613, 5983, 13, 350, 68, 1940, 13, 481, 553, 7747, 316, 13424, 290, 3100, 328, 290, 3213, 11, 889, 290, 3213, 382, 3101, 1701, 13, 1225, 382, 3432, 316, 5067, 22752, 3490, 316, 2273, 480, 8, 200007, 200006, 173781, 200005, 12606, 815, 316, 28, 44580, 16718, 95334, 220, 200003, 4108, 200008, 10848, 2975, 7534, 21283, 17, 197588, 62540, 40095, 57606, 5686, 40747, 2237, 7357, 3911, 220, 1323, 17, 4294, 4571, 11623, 52628, 1243, 16, 92, 200012, 200006, 44580, 16718, 95334, 316, 28, 173781, 200005, 12606, 815, 200008, 58, 40200, 2521, 1537, 2337, 220, 16, 11, 461, 4576, 2337, 461, 21283, 17, 197588, 62540, 40095, 11, 57606, 5686, 11, 45039, 220, 51742, 10116, 1022, 134333, 787, 461, 9186, 2337, 461, 40377, 220, 1055, 11, 220, 1323, 19, 2550, 220, 21283, 17, 197588, 62540, 40095, 11, 57606, 5686, 11, 45039, 220, 51742, 10116, 382, 6821, 625, 395, 7357, 13, 623, 220, 18694, 23, 22980, 84848, 4590, 3502, 2237, 382, 261, 220, 19, 27154, 11, 220, 17, 59369, 4322, 36660, 461, 8431, 26156, 2337, 461, 21283, 17, 197588, 62540, 40095, 11, 57606, 5686, 45039, 11, 382, 261, 16035, 14098, 2237, 484, 8895, 220, 18694, 23, 24743, 16280, 326, 673, 8113, 306, 220, 6514, 18, 50453, 8895, 220, 19, 26058, 326, 220, 17, 42897, 52176, 2237, 2174, 8754, 395, 548, 16, 11, 9659, 11, 1302, 306, 7561, 220, 1323, 19, 15043, 77, 2381, 77, 976, 153542, 395, 495, 16035, 14098, 382, 548, 16, 11, 20335, 11, 9534, 20401, 25417, 153542, 395, 495, 16035, 14098, 382, 548, 19, 11, 11442, 107133, 36660, 461, 1804, 2337, 461, 4172, 1684, 3064, 9161, 96712, 1136, 14174, 33332, 16967, 14, 21283, 17, 9406, 1854, 62540, 12, 21001, 10316, 830, 75, 10050, 536, 13091, 40, 12, 51742, 10116, 14, 38732, 43615, 18252, 19554, 14, 17352, 60, 200007, 200006, 173781, 200005, 12606, 815, 316, 28, 44580, 16718, 95334, 220, 200003, 4108, 200008, 10848, 2975, 7534, 667, 22, 11036, 78, 27522, 20944, 57606, 5686, 40747, 2237, 7357, 3911, 220, 1323, 17, 4294, 4571, 11623, 52628, 1243, 16, 92, 200012, 200006, 44580, 16718, 95334, 316, 28, 173781, 200005, 12606, 815, 200008, 58, 40200, 2521, 1537, 2337, 220, 16, 11, 461, 4576, 2337, 461, 667, 22, 11036, 78, 27522, 3808, 11, 57606, 5686, 11, 45039, 220, 51742, 10116, 1022, 134333, 787, 461, 9186, 2337, 392, 8884, 1432, 8464, 37717, 3880, 8464, 48055, 634, 14279, 3880, 8464, 51662, 3582, 8464, 62224, 827, 4877, 8464, 11772, 5678, 8464, 5473, 5577, 5678, 8464, 98582, 12668, 21161, 461, 8431, 26156, 2337, 461, 667, 22, 11036, 78, 27522, 3808, 11, 57606, 5686, 45039, 11, 382, 261, 16035, 14098, 2237, 484, 8895, 220, 18881, 22, 24743, 16280, 326, 673, 8113, 306, 220, 6514, 20, 50453, 8895, 220, 19, 26058, 326, 220, 18, 42897, 52176, 2237, 2174, 8754, 395, 548, 16, 11, 23150, 11, 1302, 306, 7940, 220, 1323, 18, 15043, 77, 2381, 77, 976, 153542, 395, 495, 16035, 14098, 382, 548, 16, 11, 9444, 11, 3234, 20401, 25417, 153542, 395, 495, 16035, 14098, 382, 548, 19, 11, 30907, 107133, 36660, 461, 1804, 2337, 461, 4172, 1684, 3064, 9161, 96712, 1136, 14174, 33332, 16967, 14, 667, 22, 12249, 15150, 6189, 1361, 12, 5822, 10316, 830, 75, 10050, 536, 13091, 40, 12, 51742, 10116, 14, 38732, 43890, 18252, 19554, 14, 17352, 60, 200007, 200006, 173781, 200005, 12606, 815, 316, 28, 44580, 67806, 61043, 16500, 220, 200003, 4108, 200008, 10848, 11557, 5558, 7534, 4172, 1684, 3064, 9161, 96712, 1136, 14174, 33332, 16967, 14, 21283, 17, 9406, 1854, 62540, 12, 21001, 10316, 830, 75, 10050, 536, 13091, 40, 12, 51742, 10116, 14, 38732, 43615, 18252, 19554, 14, 4294, 2975, 7534, 64157, 3911, 220, 1323, 17, 18583, 200012]"
3775,61,2,[14],"[200006, 77944, 200008, 2, 68406, 2499, 3575, 553, 261, 10297, 29186, 484, 665, 3684, 290, 1880, 11, 13424, 53556, 3100, 11, 66687, 10327, 10370, 11, 326, 3587, 12331, 2164, 316, 17722, 290, 4335, 5296, 558, 25627, 306, 4246, 484, 734, 12, 3756, 625, 413, 65677, 21716, 306, 634, 2316, 7124, 13, 124801, 665, 3587, 261, 50568, 18418, 326, 1652, 14986, 9595, 7124, 13, 4066, 12, 1843, 1001, 2006, 28336, 316, 3587, 448, 6052, 11, 2075, 1273, 6984, 503, 7933, 13, 623, 6052, 2226, 13031, 558, 12, 1843, 290, 3684, 88814, 382, 537, 11283, 1500, 889, 290, 9206, 5124, 591, 448, 107087, 4256, 11, 2075, 4030, 290, 3438, 395, 945, 4878, 13, 4066, 12, 4296, 3778, 395, 4857, 57979, 4824, 350, 68, 1940, 4213, 22678, 22586, 936, 90916, 15048, 11525, 326, 8397, 64139, 1606, 402, 3684, 130631, 13, 4066, 12, 4296, 37367, 13638, 484, 1841, 1880, 43167, 11, 2371, 26487, 1577, 2254, 29457, 1273, 12162, 13, 4066, 12, 1608, 665, 1217, 66687, 10327, 10370, 316, 717, 945, 2164, 503, 14866, 290, 2164, 481, 679, 2491, 558, 12, 28835, 30937, 382, 1217, 10297, 395, 12129, 3783, 67852, 13, 28835, 30937, 12084, 621, 625, 23517, 1309, 316, 1646, 4857, 14716, 11, 889, 665, 1217, 1652, 1646, 1880, 3011, 67852, 484, 10232, 14716, 350, 77091, 6541, 316, 1646, 1819, 4705, 1880, 43167, 741, 1608, 665, 1646, 290, 6052, 316, 290, 4928, 656, 22415, 29068, 12084, 402, 290, 9206, 11, 2238, 472, 117088, 290, 3100, 328, 290, 53556, 558, 12, 3756, 625, 29810, 25222, 402, 3213, 8437, 503, 10327, 30937, 316, 1646, 290, 6052, 11, 481, 1757, 21700, 3213, 8437, 326, 10327, 30937, 316, 13576, 130352, 2273, 1880, 3011, 2164, 13, 6083, 3100, 1340, 1309, 316, 621, 10327, 30937, 316, 717, 11, 503, 1236, 3100, 382, 44923, 656, 79013, 558, 12, 730, 634, 3322, 11, 481, 1757, 8633, 290, 63647, 481, 679, 18416, 326, 23478, 364, 12253, 553, 1236, 9858, 484, 1652, 481, 3347, 1880, 3684, 734, 12, 28741, 1147, 3101, 1991, 29778, 306, 634, 3684, 5703, 0, 6083, 14633, 4376, 1309, 316, 3347, 10327, 22391, 316, 717, 11, 625, 2360, 3684, 116928, 558, 12, 1843, 290, 4928, 382, 8012, 11, 3684, 4376, 13729, 621, 625, 3587, 31687, 14716, 13, 1225, 382, 625, 6960, 316, 1646, 290, 6052, 8516, 2360, 3684, 116928, 1606, 11, 290, 3684, 5703, 1757, 413, 82463, 326, 26671, 402, 12129, 7313, 11525, 7542, 1572, 2823, 14716, 558, 220, 2214, 4994, 11, 472, 395, 290, 4928, 392, 4827, 382, 290, 10562, 5517, 306, 29514, 328, 1069, 24, 306, 290, 1577, 6743, 98967, 4022, 402, 1608, 13151, 484, 673, 4862, 9917, 7065, 316, 290, 139188, 12352, 115479, 3438, 58900, 634, 1577, 3684, 2914, 2804, 413, 81371, 18511, 3883, 1299, 392, 40005, 98967, 1608, 13151, 1, 316, 1646, 290, 38037, 3438, 1577, 11, 326, 1815, 2075, 1273, 8975, 18511, 3883, 3684, 5941, 5983, 23541, 41570, 316, 1646, 945, 63647, 558, 12, 623, 4376, 481, 622, 621, 625, 679, 316, 8516, 6052, 290, 4756, 4928, 11, 481, 1606, 1309, 316, 7916, 12331, 2164, 8525, 2, 20574, 279, 877, 9964, 279, 4797, 9964, 95359, 7649, 5800, 3684, 6018, 316, 3684, 2164, 395, 290, 4335, 5703, 558, 2493, 3684, 95334, 314, 11350, 25, 10168, 623, 5703, 316, 413, 43852, 558, 2975, 25, 1621, 20046, 623, 2086, 328, 1534, 8537, 316, 31053, 558, 4571, 11623, 52628, 25, 2086, 412, 9263, 871, 1062, 20544, 10497, 290, 9481, 306, 52656, 47, 5435, 326, 622, 290, 18522, 328, 290, 198, 12919, 3011, 11, 15683, 106694, 2164, 1078, 198, 271, 290, 4335, 9481, 558, 2493, 3684, 3567, 5368, 314, 11350, 25, 10168, 623, 9481, 316, 413, 43852, 558, 5812, 25, 1621, 412, 9263, 871, 1062, 20544, 2942, 290, 85725, 328, 261, 26487, 9481, 306, 261, 4335, 2944, 11, 622, 290, 44616, 4666, 558, 2493, 3684, 3567, 5368, 3067, 26422, 314, 11350, 25, 10168, 290, 1308, 328, 290, 26487, 9481, 11, 319, 1940, 13, 392, 82255, 28482, 1092, 5812, 25, 1621, 20046, 290, 1284, 11, 319, 1940, 13, 220, 1323, 17, 198, 5682, 25, 2086, 20046, 290, 2944, 11, 319, 1940, 13, 220, 899, 198, 18648, 25, 2086, 412, 9263, 871, 1062, 20544, 29844, 261, 4666, 11, 3684, 290, 2006, 2205, 7342, 326, 7377, 290, 81026, 3926, 328, 290, 4666, 395, 261, 4335, 3521, 558, 2493, 3684, 81741, 3276, 54968, 5342, 314, 11350, 25, 10168, 623, 4666, 316, 3684, 395, 558, 1804, 25, 1621, 20046, 623, 3521, 316, 3684, 395, 13, 623, 6011, 1757, 413, 135897, 12365, 9661, 558, 1319, 25, 1621, 412, 9263, 871, 1062, 20544, 39239, 290, 3100, 328, 261, 4335, 3213, 350, 267, 4666, 8, 326, 622, 290, 23478, 2201, 558, 3206, 1340, 6690, 842, 1236, 2164, 11, 20547, 306, 94365, 3100, 558, 2493, 13424, 61043, 16500, 314, 11350, 25, 10168, 623, 3104, 328, 290, 3213, 316, 413, 23478, 11, 4784, 261, 2698, 3104, 503, 261, 9206, 13, 1225, 665, 2273, 3621, 11, 11065, 6291, 11, 16216, 6291, 326, 146872, 11, 5178, 558, 11557, 5558, 25, 1621, 20046, 623, 5703, 316, 413, 2061, 395, 104762, 290, 3100, 13, 1843, 290, 3100, 382, 3101, 1701, 11, 290, 5703, 738, 413, 2061, 316, 11410, 1118, 997, 8895, 290, 12331, 2164, 350, 9995, 460, 2971, 741, 623, 5703, 1757, 413, 20434, 483, 290, 2208, 5296, 558, 2975, 25, 1621, 412, 9263, 871, 1062, 20544, 355, 11629, 116928, 1118, 665, 66687, 290, 10327, 22391, 316, 17722, 290, 5296, 1118, 4414, 12151, 41570, 10370, 558, 2493, 28248, 6236, 314, 11350, 25, 10168, 623, 5296, 15226, 316, 17722, 558, 15921, 157118, 25, 1621, 20046, 623, 1604, 9206, 316, 4030, 558, 5236, 6236, 25, 1621, 412, 9263, 871, 1062, 20544, 23600, 261, 4928, 1078, 290, 3823, 558, 2493, 3810, 67587, 138995, 44960, 314, 11350, 25, 10168, 623, 3104, 316, 290, 3823, 1974, 558, 17615, 5558, 25, 1621, 20046, 623, 4928, 316, 3810, 1078, 290, 3823, 558, 14921, 25, 1621, 412, 9263, 871, 1062, 20544, 6318, 3322, 483, 261, 10185, 5701, 6011, 558, 2493, 622, 20405, 21978, 314, 11350, 25, 10168, 623, 1534, 328, 290, 5296, 16547, 3252, 25, 1621, 20046, 40343, 34700, 5588, 290, 5296, 12323, 9363, 16547, 33814, 25, 3870, 412, 9263, 871, 1062, 502, 92, 602, 9819, 9964, 200007, 200006, 1428, 200008, 2167, 553, 37367, 261, 8012, 5296, 11, 326, 581, 679, 12648, 290, 5296, 1511, 4919, 25091, 9523, 558, 1944, 3575, 1309, 316, 2273, 1001, 4335, 5296, 13, 19666, 19429, 484, 290, 4792, 382, 3975, 123669, 13, 623, 6052, 2226, 4310, 13, 1843, 481, 8535, 17722, 290, 5296, 11, 4843, 12886, 290, 5207, 326, 290, 1534, 481, 679, 23088, 306, 10851, 558, 976, 3100, 328, 290, 5296, 484, 481, 1309, 316, 621, 382, 1402, 27, 15921, 523, 37762, 290, 7357, 8451, 326, 19211, 1534, 2360, 448, 13319, 4256, 503, 2595, 316, 6757, 18580, 558, 808, 15921, 523, 1944, 12253, 382, 290, 10705, 5296, 395, 9682, 11, 1118, 8895, 1236, 10297, 2164, 484, 665, 1652, 481, 17722, 290, 5296, 1402, 27, 159046, 27167, 523, 40, 4572, 9791, 1078, 14279, 922, 2237, 11, 813, 357, 1682, 316, 4484, 945, 1078, 1495, 12668, 306, 922, 3624, 8754, 8422, 13, 357, 4561, 306, 57606, 5686, 11, 40747, 11, 1118, 382, 402, 290, 18149, 328, 532, 30761, 13, 357, 1761, 1920, 12668, 5862, 668, 484, 8754, 306, 220, 1323, 17, 1504, 220, 21283, 17, 197588, 62540, 40095, 11, 326, 220, 667, 22, 11036, 78, 27522, 20944, 13, 9764, 1118, 328, 2617, 12668, 8754, 395, 945, 306, 220, 1323, 17, 11, 326, 5485, 668, 1495, 2009, 480, 8754, 395, 13, 6070, 1573, 3006, 179663, 503, 26964, 9610, 306, 290, 6052, 558, 808, 159046, 27167, 3037, 12253, 553, 4376, 328, 1236, 141483, 4376, 484, 481, 665, 6716, 316, 350, 6857, 538, 1354, 553, 860, 141483, 4376, 15626, 27, 134568, 31049, 6744, 523, 976, 2237, 540, 220, 21283, 17, 197588, 62540, 40095, 306, 57606, 5686, 11, 40747, 11, 8754, 395, 548, 16, 11, 9659, 11, 1302, 306, 220, 1323, 17, 13, 623, 2237, 540, 220, 667, 22, 11036, 78, 27522, 20944, 8754, 395, 548, 9752, 11, 1302, 306, 220, 1323, 17, 13, 19233, 11, 290, 2237, 540, 220, 21283, 17, 197588, 62540, 40095, 8754, 395, 945, 306, 220, 1323, 17, 364, 12, 220, 21283, 17, 197588, 62540, 40095, 25, 548, 16, 11, 9659, 11, 1302, 198, 12, 220, 667, 22, 11036, 78, 27522, 20944, 25, 548, 9752, 11, 1302, 198, 976, 7357, 8451, 395, 290, 12668, 553, 4279, 5181, 306, 290, 50228, 4376, 1402, 12, 220, 21283, 17, 197588, 62540, 40095, 25, 548, 16, 11, 9659, 11, 1302, 198, 12, 220, 667, 22, 11036, 78, 27522, 20944, 25, 548, 9752, 11, 1302, 279, 1385, 3333, 1879, 8451, 2935, 179663, 503, 26964, 9610, 1402, 12, 220, 21283, 17, 197588, 62540, 40095, 25, 220, 15970, 1302, 15, 198, 12, 220, 667, 22, 11036, 78, 27522, 20944, 25, 220, 9752, 1302, 198, 21283, 17, 197588, 62540, 40095, 8754, 395, 945, 306, 220, 1323, 17, 11, 540, 220, 15970, 1302, 15, 364, 808, 134568, 31049, 6744, 3037, 12253, 553, 1236, 6623, 2164, 1078, 290, 5296, 350, 7393, 395, 9682, 11, 326, 1340, 413, 8213, 1883, 27, 69631, 6744, 523, 8505, 198, 808, 69631, 6744, 3037, 10620, 4843, 9637, 48255, 290, 2164, 5151, 11, 2075, 634, 1636, 316, 48255, 290, 9595, 4376, 326, 634, 2839, 8437, 316, 17722, 290, 2208, 5296, 364, 3335, 481, 1309, 316, 5067, 3490, 11, 3779, 10419, 3490, 1299, 392, 18582, 3490, 672, 634, 3490, 1757, 413, 9141, 150488, 326, 3741, 316, 9637, 17722, 290, 5296, 13, 6311, 5281, 290, 3490, 11, 481, 2804, 15792, 290, 3490, 558, 3335, 481, 553, 2966, 316, 2273, 2698, 6291, 11, 481, 1757, 45615, 8633, 722, 290, 23478, 1974, 3104, 350, 58447, 48182, 6291, 306, 16216, 6291, 8, 306, 634, 6052, 316, 1632, 1273, 13816, 1761, 1919, 316, 1646, 290, 1974, 558, 3335, 481, 1646, 290, 1543, 15921, 382, 328, 860, 1652, 316, 5533, 290, 10705, 5296, 4122, 402, 290, 2164, 481, 20480, 11, 481, 1757, 1520, 290, 1543, 15921, 9363, 11, 326, 622, 634, 38415, 395, 290, 2613, 5983, 13, 350, 68, 1940, 13, 481, 553, 7747, 316, 13424, 290, 3100, 328, 290, 3213, 11, 889, 290, 3213, 382, 3101, 1701, 13, 1225, 382, 3432, 316, 5067, 22752, 3490, 316, 2273, 480, 8, 200007, 200006, 173781, 200005, 12606, 815, 316, 28, 44580, 16718, 95334, 220, 200003, 4108, 200008, 10848, 2975, 7534, 21283, 17, 197588, 62540, 40095, 57606, 5686, 40747, 2237, 7357, 3911, 220, 1323, 17, 4294, 4571, 11623, 52628, 1243, 16, 92, 200012, 200006, 44580, 16718, 95334, 316, 28, 173781, 200005, 12606, 815, 200008, 58, 40200, 2521, 1537, 2337, 220, 16, 11, 461, 4576, 2337, 461, 21283, 17, 197588, 62540, 40095, 11, 57606, 5686, 11, 45039, 220, 51742, 10116, 1022, 134333, 787, 461, 9186, 2337, 461, 40377, 220, 1055, 11, 220, 1323, 19, 2550, 220, 21283, 17, 197588, 62540, 40095, 11, 57606, 5686, 11, 45039, 220, 51742, 10116, 382, 6821, 625, 395, 7357, 13, 623, 220, 18694, 23, 22980, 84848, 4590, 3502, 2237, 382, 261, 220, 19, 27154, 11, 220, 17, 59369, 4322, 36660, 461, 8431, 26156, 2337, 461, 21283, 17, 197588, 62540, 40095, 11, 57606, 5686, 45039, 11, 382, 261, 16035, 14098, 2237, 484, 8895, 220, 18694, 23, 24743, 16280, 326, 673, 8113, 306, 220, 6514, 18, 50453, 8895, 220, 19, 26058, 326, 220, 17, 42897, 52176, 2237, 2174, 8754, 395, 548, 16, 11, 9659, 11, 1302, 306, 7561, 220, 1323, 19, 15043, 77, 2381, 77, 976, 153542, 395, 495, 16035, 14098, 382, 548, 16, 11, 20335, 11, 9534, 20401, 25417, 153542, 395, 495, 16035, 14098, 382, 548, 19, 11, 11442, 107133, 36660, 461, 1804, 2337, 461, 4172, 1684, 3064, 9161, 96712, 1136, 14174, 33332, 16967, 14, 21283, 17, 9406, 1854, 62540, 12, 21001, 10316, 830, 75, 10050, 536, 13091, 40, 12, 51742, 10116, 14, 38732, 43615, 18252, 19554, 14, 17352, 60, 200007, 200006, 173781, 200005, 12606, 815, 316, 28, 44580, 16718, 95334, 220, 200003, 4108, 200008, 10848, 2975, 7534, 667, 22, 11036, 78, 27522, 20944, 57606, 5686, 40747, 2237, 7357, 3911, 220, 1323, 17, 4294, 4571, 11623, 52628, 1243, 16, 92, 200012, 200006, 44580, 16718, 95334, 316, 28, 173781, 200005, 12606, 815, 200008, 58, 40200, 2521, 1537, 2337, 220, 16, 11, 461, 4576, 2337, 461, 667, 22, 11036, 78, 27522, 3808, 11, 57606, 5686, 11, 45039, 220, 51742, 10116, 1022, 134333, 787, 461, 9186, 2337, 392, 8884, 1432, 8464, 37717, 3880, 8464, 48055, 634, 14279, 3880, 8464, 51662, 3582, 8464, 62224, 827, 4877, 8464, 11772, 5678, 8464, 5473, 5577, 5678, 8464, 98582, 12668, 21161, 461, 8431, 26156, 2337, 461, 667, 22, 11036, 78, 27522, 3808, 11, 57606, 5686, 45039, 11, 382, 261, 16035, 14098, 2237, 484, 8895, 220, 18881, 22, 24743, 16280, 326, 673, 8113, 306, 220, 6514, 20, 50453, 8895, 220, 19, 26058, 326, 220, 18, 42897, 52176, 2237, 2174, 8754, 395, 548, 16, 11, 23150, 11, 1302, 306, 7940, 220, 1323, 18, 15043, 77, 2381, 77, 976, 153542, 395, 495, 16035, 14098, 382, 548, 16, 11, 9444, 11, 3234, 20401, 25417, 153542, 395, 495, 16035, 14098, 382, 548, 19, 11, 30907, 107133, 36660, 461, 1804, 2337, 461, 4172, 1684, 3064, 9161, 96712, 1136, 14174, 33332, 16967, 14, 667, 22, 12249, 15150, 6189, 1361, 12, 5822, 10316, 830, 75, 10050, 536, 13091, 40, 12, 51742, 10116, 14, 38732, 43890, 18252, 19554, 14, 17352, 60, 200007, 200006, 173781, 200005, 12606, 815, 316, 28, 44580, 67806, 61043, 16500, 220, 200003, 4108, 200008, 10848, 11557, 5558, 7534, 4172, 1684, 3064, 9161, 96712, 1136, 14174, 33332, 16967, 14, 21283, 17, 9406, 1854, 62540, 12, 21001, 10316, 830, 75, 10050, 536, 13091, 40, 12, 51742, 10116, 14, 38732, 43615, 18252, 19554, 14, 4294, 2975, 7534, 64157, 3911, 220, 1323, 17, 18583, 200012, 200006, 44580, 67806, 61043, 16500, 316, 28, 173781, 200005, 12606, 815, 200008, 55978, 11, 23317, 39818, 2758, 17719, 20614, 4172, 1684, 3064, 9161, 96712, 1136, 14174, 33332, 16967, 14, 21283, 17, 9406, 1854, 62540, 12, 21001, 10316, 830, 75, 10050, 536, 13091, 40, 12, 51742, 10116, 14, 38732, 43615, 18252, 19554, 52099, 38258, 16099, 7626, 40350, 23428, 77, 3392, 8884, 1432, 16815, 44484, 8884, 4878, 123462, 3392, 3392, 34422, 3392, 3392, 45639, 4479, 3392, 3392, 46759, 3895, 20614, 4172, 1684, 48251, 45173, 1136, 92654, 20096, 27309, 5409, 1282, 30, 7693, 28, 21283, 17, 195068, 1854, 62540, 10, 21001, 4, 17, 34, 10, 137706, 75, 10, 15764, 4, 17, 34, 10, 36525, 10, 51742, 10116, 5, 4461, 28, 30522, 87, 21514, 5, 1898, 28, 138699, 53597, 1312, 37, 4123, 33, 16, 1503, 8287, 104805, 69, 22, 5190, 18, 12, 20, 50872, 38291, 64, 39, 80, 36, 41, 69, 21, 171570, 5, 4935, 28, 468, 10306, 14658, 75838, 28, 31846, 80, 19, 39, 80, 1483, 24, 68715, 88, 22, 124421, 70, 74, 6624, 86, 1205, 173219, 74, 786, 28, 23428, 77, 3392, 3, 16, 11, 9659, 11, 1302, 3392, 3392, 2, 220, 21283, 17, 197588, 62540, 40095, 51674, 16074, 15, 137706, 75, 5686, 11, 45039, 220, 51742, 10116, 3392, 3392, 19, 174454, 3392, 3392, 17, 65, 83839, 3392, 3392, 16, 11, 44008, 57619, 826, 3392, 3392, 9868, 13, 2714, 72, 9277, 16008, 16074, 15, 3, 20, 11, 26203, 107133, 3392, 3392, 58, 4634, 258, 766, 634, 11648, 20614, 4172, 1684, 3064, 9161, 96712, 1136, 5712, 390, 81643, 52099, 14, 96238, 5, 48833, 1163, 28, 1874, 258, 766, 5, 15571, 2836, 28, 51742, 10116, 5, 8813, 1638, 28, 15970, 1302, 15, 5, 8813, 1163, 28, 13301, 19687, 8884, 5, 4935, 28, 57, 141142, 2653, 32668, 39, 16851, 105294, 5, 13692, 79, 4823, 143132, 14179, 4391, 16851, 23428, 77, 3392, 13301, 14098, 78263, 3392, 3392, 70561, 306, 220, 6514, 18, 3392, 3392, 5994, 12, 5994, 12, 102497, 3261, 3392, 3392, 3, 16, 11, 13567, 11, 4812, 153542, 8980, 59, 77, 3392, 3, 47628, 5031, 80, 826, 3392, 3392, 3, 19, 11, 11442, 120237, 9462, 3392, 3392, 877, 6136, 1432, 3392, 3392, 57, 56622, 8980, 59, 77, 3392, 3, 16, 11, 13567, 11, 4812, 3392, 3392, 76710, 7155, 3352, 3392, 3392, 3, 16, 13, 994, 44, 533, 548, 16, 13, 1860, 44, 3392, 3392, 56915, 153542, 8980, 59, 77, 3392, 3, 19, 11, 11442, 107133, 3392, 3392, 57, 56622, 8980, 5678, 3392, 3392, 8884, 4824, 56915, 153542, 24146, 9927, 3392, 3392, 410, 3160, 1238, 2839, 540, 495, 1058, 13, 410, 59, 77, 3392, 11636, 3392, 3392, 197451, 47523, 77967, 77, 3392, 877, 37717, 3880, 3392, 3392, 950, 634, 2237, 395, 135324, 15, 50470, 3392, 3392, 3, 19, 11, 11442, 107133, 3392, 3392, 56915, 153542, 8980, 59, 77, 3392, 11437, 634, 2613, 182651, 483, 134333, 34567, 13415, 13, 11899, 11, 483, 2296, 9391, 11, 481, 665, 8065, 6188, 37350, 63256, 1127, 395, 2240, 15043, 77, 3392, 58, 29387, 945, 20614, 4172, 1684, 3064, 9161, 96712, 1136, 17447, 5095, 100138, 32316, 278, 66, 143132, 14179, 39, 16851, 5190, 299, 23428, 77, 3392, 3, 19, 11, 11442, 107133, 3392, 3392, 56915, 153542, 8980, 59, 77, 3392, 4634, 258, 766, 326, 5093, 3392, 3392, 3, 20, 11, 28573, 107133, 3392, 3392, 9868, 13, 9277, 3392, 3392, 4634, 258, 12551, 316, 261, 6931, 6251, 2023, 1652, 10389, 634, 16213, 18382, 326, 5093, 13369, 1072, 290, 2615, 328, 290, 11648, 15043, 77, 3392, 58, 16457, 41482, 9837, 20614, 4172, 1684, 3064, 9161, 96712, 1136, 115236, 258, 766, 32316, 7254, 23000, 5, 15571, 28, 51742, 10116, 5, 1594, 28, 14799, 36832, 15, 5, 746, 493, 649, 28, 1874, 258, 766, 168424, 7693, 23428, 77, 3392, 3, 20, 11, 28573, 107133, 3392, 3392, 9868, 13, 9277, 3392, 3392, 877, 48055, 634, 14279, 3880, 3392, 3392, 6908, 483, 261, 134333, 9518, 11793, 3392, 3392, 2486, 5771, 1043, 16897, 326, 134333, 885, 15696, 131144, 25825, 316, 717, 634, 2237, 6177, 656, 945, 25359, 15043, 77, 3392, 58, 1816, 5424, 20614, 4172, 1684, 3064, 9161, 96712, 1136, 24083, 69, 1685, 1288, 14, 13187, 49572, 379, 97226, 8618, 6115, 14, 23428, 77, 3392, 950, 483, 634, 2316, 11793, 3392, 3392, 1816, 634, 2237, 306, 5567, 328, 15568, 328, 25359, 656, 17040, 480, 402, 134333, 15043, 77, 3392, 58, 29387, 1495, 316, 621, 480, 20614, 4172, 1684, 3064, 9161, 96712, 1136, 5031, 596, 5031, 4806, 18391, 3471, 14, 23428, 77, 3392, 53767, 480, 6675, 3392, 3392, 22951, 3149, 3580, 328, 1495, 25359, 1921, 634, 2237, 402, 134333, 656, 17040, 2214, 17149, 656, 37717, 350, 14179, 8025, 182166, 77, 3392, 113982, 634, 2237, 20614, 4172, 1684, 3064, 9161, 96712, 1136, 14, 1938, 106736, 23541, 139126, 32316, 89, 19554, 28, 38732, 43615, 23428, 77, 3392, 877, 51662, 3582, 3392, 3392, 89351, 656, 16008, 77, 3392, 43232, 415, 1516, 44, 6053, 20811, 12, 41611, 12, 31659, 17, 51674, 77, 3392, 7805, 6994, 20534, 3392, 3392, 4823, 25, 19260, 50659, 37648, 11, 55683, 97210, 220, 1323, 31007, 38302, 46759, 55683, 36436, 20614, 4172, 1684, 52597, 9161, 96712, 4267, 1136, 11502, 79, 25451, 35272, 2991, 68, 15, 69, 23, 65, 47772, 504, 66, 3659, 65, 20, 67, 24, 67, 18369, 68, 19302, 65, 16826, 96712, 54968, 62, 4129, 62, 2467, 9414, 23428, 77, 3392, 877, 62224, 827, 4877, 3392, 3392, 31639, 36821, 3392, 3392, 197451, 71179, 827, 42897, 3392, 3392, 12, 71179, 25, 220, 19, 3392, 12, 11689, 42897, 25, 220, 17, 3392, 3392, 31639, 14069, 3392, 3392, 197451, 40497, 3392, 3392, 12, 17565, 18608, 25, 220, 19, 3392, 12, 40497, 4877, 25, 20944, 3499, 11, 46864, 11, 13311, 4004, 46864, 11, 13311, 91019, 11, 2160, 9903, 3392, 12, 46864, 18608, 25, 220, 17, 3392, 3392, 31639, 31452, 3392, 3392, 197451, 7003, 827, 2713, 3392, 3392, 12, 6136, 1490, 25, 16035, 19687, 3392, 12, 14069, 131804, 25, 16035, 14098, 78263, 3392, 3392, 197451, 30255, 3392, 3392, 12, 10343, 8113, 25, 220, 6514, 18, 3392, 3392, 8313, 945, 3392, 3392, 877, 11772, 5678, 3392, 3392, 7417, 5678, 382, 50818, 15043, 77, 3392, 877, 5473, 5577, 5678, 3392, 3392, 24146, 5678, 382, 50818, 15043, 77, 3392, 877, 84329, 25, 220, 51742, 10116, 3392, 3392, 41922, 8698, 58793, 112187, 3392, 3392, 877, 98582, 11179, 3392, 3392, 148747, 10405, 96393, 13632, 3392, 3392, 3160, 11179, 19486, 3392, 3392, 3160, 11179, 19486, 3392, 3392, 2167, 21149, 1646, 1062, 11179, 5862, 495, 2237, 15043, 77, 3392, 8313, 945, 3392, 3392, 148747, 48493, 395, 945, 402, 134333, 3392, 3392, 1816, 261, 134333, 131144, 10104, 254, 17040, 540, 860, 6623, 3097, 326, 481, 2023, 7437, 395, 220, 17, 4, 945, 15043, 77, 3392, 21996, 17040, 3392, 3, 16, 11, 13567, 11, 4812, 3392, 3392, 17, 4, 945, 3392, 3392, 71467, 1860, 11, 35070, 3392, 3392, 2886, 134333, 131144, 7, 89236, 23428, 77, 3392, 3, 16, 11, 10037, 11, 31612, 3392, 3392, 65243, 634, 2961, 258, 1327, 220, 18, 1349, 11, 860, 39686, 3392, 3392, 30177, 2237, 3392, 3392, 12, 723, 39, 158508, 20614, 4172, 1684, 3064, 9161, 96712, 1136, 14, 3686, 14, 23428, 77, 12, 723, 137706, 75, 5686, 20614, 4172, 1684, 3064, 9161, 96712, 1136, 14, 424, 4760, 113253, 142580, 14, 23428, 77, 12, 723, 51742, 10116, 20614, 4172, 1684, 3064, 9161, 96712, 1136, 14, 424, 4760, 113253, 142580, 12, 51742, 10116, 14, 23428, 77, 12, 6240, 21283, 17, 197588, 62540, 40095, 410, 59, 77, 3392, 877, 10473, 57606, 5686, 54532, 3392, 3392, 12, 723, 68608, 1626, 395, 25417, 306, 220, 51742, 10116, 20614, 4172, 1684, 3064, 9161, 96712, 1136, 14, 424, 4760, 113253, 142580, 12, 51742, 10116, 48466, 497, 1626, 14, 23428, 77, 12, 723, 39, 26940, 395, 17149, 306, 220, 51742, 10116, 20614, 4172, 1684, 3064, 9161, 96712, 1136, 14, 424, 4760, 113253, 142580, 12, 51742, 10116, 14, 23428, 77, 12, 723, 39, 26940, 395, 25417, 306, 220, 51742, 10116, 20614, 4172, 1684, 3064, 9161, 96712, 1136, 14, 424, 4760, 113253, 142580, 12, 51742, 10116, 17447, 299, 4559, 26940, 14, 23428, 77, 12, 723, 51742, 10116, 8702, 22603, 20614, 4172, 1684, 3064, 9161, 96712, 1136, 14, 424, 4760, 113253, 142580, 12, 51742, 10116, 14, 23428, 77, 12, 723, 137706, 75, 5686, 14428, 365, 20614, 4172, 1684, 3064, 9161, 96712, 1136, 14, 424, 4760, 113253, 142580, 14, 1893, 365, 14, 23428, 77, 12, 723, 39, 26940, 395, 17149, 306, 57606, 5686, 20614, 4172, 1684, 3064, 9161, 96712, 1136, 14, 424, 4760, 113253, 142580, 14174, 26940, 14, 23428, 77, 12, 723, 177344, 69379, 306, 57606, 5686, 20614, 4172, 1684, 3064, 9161, 96712, 1136, 14, 424, 4760, 113253, 142580, 52644, 376, 14, 23428, 77, 12, 723, 137706, 75, 5686, 6136, 50487, 20614, 4172, 1684, 3064, 9161, 96712, 1136, 36797, 159509, 14, 36354, 3898, 14, 424, 4760, 113253, 142580, 14, 23428, 77, 12, 723, 137706, 75, 5686, 8702, 22603, 76859, 20614, 4172, 1684, 3064, 9161, 96712, 1136, 14, 424, 4760, 113253, 142580, 14, 13187, 49572, 379, 97226, 8618, 6115, 14, 23428, 77, 12, 723, 137706, 75, 5686, 907, 95904, 20614, 4172, 1684, 3064, 9161, 96712, 1136, 115236, 258, 766, 14, 3686, 14, 424, 4760, 113253, 14, 23428, 77, 12, 723, 137706, 75, 5686, 63239, 47566, 20614, 4172, 1684, 3064, 9161, 96712, 1136, 5712, 390, 16885, 6335, 1381, 14, 3686, 14, 424, 4760, 113253, 14, 23428, 77, 3392, 8313, 945, 1405, 200007, 200006, 173781, 200005, 12606, 815, 316, 28, 44580, 67806, 61043, 16500, 220, 200003, 4108, 200008, 10848, 11557, 5558, 7534, 4172, 1684, 3064, 9161, 96712, 1136, 14174, 33332, 16967, 14, 667, 22, 12249, 15150, 6189, 1361, 12, 5822, 10316, 830, 75, 10050, 536, 13091, 40, 12, 51742, 10116, 14, 38732, 43890, 18252, 19554, 14, 4294, 2975, 7534, 64157, 3911, 220, 1323, 17, 18583, 200012]"
5281,230,2,[15],"[200006, 77944, 200008, 2, 68406, 2499, 3575, 553, 261, 10297, 29186, 484, 665, 3684, 290, 1880, 11, 13424, 53556, 3100, 11, 66687, 10327, 10370, 11, 326, 3587, 12331, 2164, 316, 17722, 290, 4335, 5296, 558, 25627, 306, 4246, 484, 734, 12, 3756, 625, 413, 65677, 21716, 306, 634, 2316, 7124, 13, 124801, 665, 3587, 261, 50568, 18418, 326, 1652, 14986, 9595, 7124, 13, 4066, 12, 1843, 1001, 2006, 28336, 316, 3587, 448, 6052, 11, 2075, 1273, 6984, 503, 7933, 13, 623, 6052, 2226, 13031, 558, 12, 1843, 290, 3684, 88814, 382, 537, 11283, 1500, 889, 290, 9206, 5124, 591, 448, 107087, 4256, 11, 2075, 4030, 290, 3438, 395, 945, 4878, 13, 4066, 12, 4296, 3778, 395, 4857, 57979, 4824, 350, 68, 1940, 4213, 22678, 22586, 936, 90916, 15048, 11525, 326, 8397, 64139, 1606, 402, 3684, 130631, 13, 4066, 12, 4296, 37367, 13638, 484, 1841, 1880, 43167, 11, 2371, 26487, 1577, 2254, 29457, 1273, 12162, 13, 4066, 12, 1608, 665, 1217, 66687, 10327, 10370, 316, 717, 945, 2164, 503, 14866, 290, 2164, 481, 679, 2491, 558, 12, 28835, 30937, 382, 1217, 10297, 395, 12129, 3783, 67852, 13, 28835, 30937, 12084, 621, 625, 23517, 1309, 316, 1646, 4857, 14716, 11, 889, 665, 1217, 1652, 1646, 1880, 3011, 67852, 484, 10232, 14716, 350, 77091, 6541, 316, 1646, 1819, 4705, 1880, 43167, 741, 1608, 665, 1646, 290, 6052, 316, 290, 4928, 656, 22415, 29068, 12084, 402, 290, 9206, 11, 2238, 472, 117088, 290, 3100, 328, 290, 53556, 558, 12, 3756, 625, 29810, 25222, 402, 3213, 8437, 503, 10327, 30937, 316, 1646, 290, 6052, 11, 481, 1757, 21700, 3213, 8437, 326, 10327, 30937, 316, 13576, 130352, 2273, 1880, 3011, 2164, 13, 6083, 3100, 1340, 1309, 316, 621, 10327, 30937, 316, 717, 11, 503, 1236, 3100, 382, 44923, 656, 79013, 558, 12, 730, 634, 3322, 11, 481, 1757, 8633, 290, 63647, 481, 679, 18416, 326, 23478, 364, 12253, 553, 1236, 9858, 484, 1652, 481, 3347, 1880, 3684, 734, 12, 28741, 1147, 3101, 1991, 29778, 306, 634, 3684, 5703, 0, 6083, 14633, 4376, 1309, 316, 3347, 10327, 22391, 316, 717, 11, 625, 2360, 3684, 116928, 558, 12, 1843, 290, 4928, 382, 8012, 11, 3684, 4376, 13729, 621, 625, 3587, 31687, 14716, 13, 1225, 382, 625, 6960, 316, 1646, 290, 6052, 8516, 2360, 3684, 116928, 1606, 11, 290, 3684, 5703, 1757, 413, 82463, 326, 26671, 402, 12129, 7313, 11525, 7542, 1572, 2823, 14716, 558, 220, 2214, 4994, 11, 472, 395, 290, 4928, 392, 4827, 382, 290, 10562, 5517, 306, 29514, 328, 1069, 24, 306, 290, 1577, 6743, 98967, 4022, 402, 1608, 13151, 484, 673, 4862, 9917, 7065, 316, 290, 139188, 12352, 115479, 3438, 58900, 634, 1577, 3684, 2914, 2804, 413, 81371, 18511, 3883, 1299, 392, 40005, 98967, 1608, 13151, 1, 316, 1646, 290, 38037, 3438, 1577, 11, 326, 1815, 2075, 1273, 8975, 18511, 3883, 3684, 5941, 5983, 23541, 41570, 316, 1646, 945, 63647, 558, 12, 623, 4376, 481, 622, 621, 625, 679, 316, 8516, 6052, 290, 4756, 4928, 11, 481, 1606, 1309, 316, 7916, 12331, 2164, 8525, 2, 20574, 279, 877, 9964, 279, 4797, 9964, 95359, 7649, 5800, 3684, 6018, 316, 3684, 2164, 395, 290, 4335, 5703, 558, 2493, 3684, 95334, 314, 11350, 25, 10168, 623, 5703, 316, 413, 43852, 558, 2975, 25, 1621, 20046, 623, 2086, 328, 1534, 8537, 316, 31053, 558, 4571, 11623, 52628, 25, 2086, 412, 9263, 871, 1062, 20544, 10497, 290, 9481, 306, 52656, 47, 5435, 326, 622, 290, 18522, 328, 290, 198, 12919, 3011, 11, 15683, 106694, 2164, 1078, 198, 271, 290, 4335, 9481, 558, 2493, 3684, 3567, 5368, 314, 11350, 25, 10168, 623, 9481, 316, 413, 43852, 558, 5812, 25, 1621, 412, 9263, 871, 1062, 20544, 2942, 290, 85725, 328, 261, 26487, 9481, 306, 261, 4335, 2944, 11, 622, 290, 44616, 4666, 558, 2493, 3684, 3567, 5368, 3067, 26422, 314, 11350, 25, 10168, 290, 1308, 328, 290, 26487, 9481, 11, 319, 1940, 13, 392, 82255, 28482, 1092, 5812, 25, 1621, 20046, 290, 1284, 11, 319, 1940, 13, 220, 1323, 17, 198, 5682, 25, 2086, 20046, 290, 2944, 11, 319, 1940, 13, 220, 899, 198, 18648, 25, 2086, 412, 9263, 871, 1062, 20544, 29844, 261, 4666, 11, 3684, 290, 2006, 2205, 7342, 326, 7377, 290, 81026, 3926, 328, 290, 4666, 395, 261, 4335, 3521, 558, 2493, 3684, 81741, 3276, 54968, 5342, 314, 11350, 25, 10168, 623, 4666, 316, 3684, 395, 558, 1804, 25, 1621, 20046, 623, 3521, 316, 3684, 395, 13, 623, 6011, 1757, 413, 135897, 12365, 9661, 558, 1319, 25, 1621, 412, 9263, 871, 1062, 20544, 39239, 290, 3100, 328, 261, 4335, 3213, 350, 267, 4666, 8, 326, 622, 290, 23478, 2201, 558, 3206, 1340, 6690, 842, 1236, 2164, 11, 20547, 306, 94365, 3100, 558, 2493, 13424, 61043, 16500, 314, 11350, 25, 10168, 623, 3104, 328, 290, 3213, 316, 413, 23478, 11, 4784, 261, 2698, 3104, 503, 261, 9206, 13, 1225, 665, 2273, 3621, 11, 11065, 6291, 11, 16216, 6291, 326, 146872, 11, 5178, 558, 11557, 5558, 25, 1621, 20046, 623, 5703, 316, 413, 2061, 395, 104762, 290, 3100, 13, 1843, 290, 3100, 382, 3101, 1701, 11, 290, 5703, 738, 413, 2061, 316, 11410, 1118, 997, 8895, 290, 12331, 2164, 350, 9995, 460, 2971, 741, 623, 5703, 1757, 413, 20434, 483, 290, 2208, 5296, 558, 2975, 25, 1621, 412, 9263, 871, 1062, 20544, 355, 11629, 116928, 1118, 665, 66687, 290, 10327, 22391, 316, 17722, 290, 5296, 1118, 4414, 12151, 41570, 10370, 558, 2493, 28248, 6236, 314, 11350, 25, 10168, 623, 5296, 15226, 316, 17722, 558, 15921, 157118, 25, 1621, 20046, 623, 1604, 9206, 316, 4030, 558, 5236, 6236, 25, 1621, 412, 9263, 871, 1062, 20544, 23600, 261, 4928, 1078, 290, 3823, 558, 2493, 3810, 67587, 138995, 44960, 314, 11350, 25, 10168, 623, 3104, 316, 290, 3823, 1974, 558, 17615, 5558, 25, 1621, 20046, 623, 4928, 316, 3810, 1078, 290, 3823, 558, 14921, 25, 1621, 412, 9263, 871, 1062, 20544, 6318, 3322, 483, 261, 10185, 5701, 6011, 558, 2493, 622, 20405, 21978, 314, 11350, 25, 10168, 623, 1534, 328, 290, 5296, 16547, 3252, 25, 1621, 20046, 40343, 34700, 5588, 290, 5296, 12323, 9363, 16547, 33814, 25, 3870, 412, 9263, 871, 1062, 502, 92, 602, 9819, 9964, 200007, 200006, 1428, 200008, 2167, 553, 37367, 261, 8012, 5296, 11, 326, 581, 679, 12648, 290, 5296, 1511, 4919, 25091, 9523, 558, 1944, 3575, 1309, 316, 2273, 1001, 4335, 5296, 13, 19666, 19429, 484, 290, 4792, 382, 3975, 123669, 13, 623, 6052, 2226, 4310, 13, 1843, 481, 8535, 17722, 290, 5296, 11, 4843, 12886, 290, 5207, 326, 290, 1534, 481, 679, 23088, 306, 10851, 558, 976, 3100, 328, 290, 5296, 484, 481, 1309, 316, 621, 382, 1402, 27, 15921, 523, 37762, 290, 7357, 8451, 326, 19211, 1534, 2360, 448, 13319, 4256, 503, 2595, 316, 6757, 18580, 558, 808, 15921, 523, 1944, 12253, 382, 290, 10705, 5296, 395, 9682, 11, 1118, 8895, 1236, 10297, 2164, 484, 665, 1652, 481, 17722, 290, 5296, 1402, 27, 159046, 27167, 523, 40, 4572, 9791, 1078, 14279, 922, 2237, 11, 813, 357, 1682, 316, 4484, 945, 1078, 1495, 12668, 306, 922, 3624, 8754, 8422, 13, 357, 4561, 306, 57606, 5686, 11, 40747, 11, 1118, 382, 402, 290, 18149, 328, 532, 30761, 13, 357, 1761, 1920, 12668, 5862, 668, 484, 8754, 306, 220, 1323, 17, 1504, 220, 21283, 17, 197588, 62540, 40095, 11, 326, 220, 667, 22, 11036, 78, 27522, 20944, 13, 9764, 1118, 328, 2617, 12668, 8754, 395, 945, 306, 220, 1323, 17, 11, 326, 5485, 668, 1495, 2009, 480, 8754, 395, 13, 6070, 1573, 3006, 179663, 503, 26964, 9610, 306, 290, 6052, 558, 808, 159046, 27167, 3037, 12253, 553, 4376, 328, 1236, 141483, 4376, 484, 481, 665, 6716, 316, 350, 6857, 538, 1354, 553, 860, 141483, 4376, 15626, 27, 134568, 31049, 6744, 523, 976, 2237, 540, 220, 21283, 17, 197588, 62540, 40095, 306, 57606, 5686, 11, 40747, 11, 8754, 395, 548, 16, 11, 9659, 11, 1302, 306, 220, 1323, 17, 13, 623, 2237, 540, 220, 667, 22, 11036, 78, 27522, 20944, 8754, 395, 548, 9752, 11, 1302, 306, 220, 1323, 17, 13, 19233, 11, 290, 2237, 540, 220, 21283, 17, 197588, 62540, 40095, 8754, 395, 945, 306, 220, 1323, 17, 364, 12, 220, 21283, 17, 197588, 62540, 40095, 25, 548, 16, 11, 9659, 11, 1302, 198, 12, 220, 667, 22, 11036, 78, 27522, 20944, 25, 548, 9752, 11, 1302, 198, 976, 7357, 8451, 395, 290, 12668, 553, 4279, 5181, 306, 290, 50228, 4376, 1402, 12, 220, 21283, 17, 197588, 62540, 40095, 25, 548, 16, 11, 9659, 11, 1302, 198, 12, 220, 667, 22, 11036, 78, 27522, 20944, 25, 548, 9752, 11, 1302, 279, 1385, 3333, 1879, 8451, 2935, 179663, 503, 26964, 9610, 1402, 12, 220, 21283, 17, 197588, 62540, 40095, 25, 220, 15970, 1302, 15, 198, 12, 220, 667, 22, 11036, 78, 27522, 20944, 25, 220, 9752, 1302, 198, 21283, 17, 197588, 62540, 40095, 8754, 395, 945, 306, 220, 1323, 17, 11, 540, 220, 15970, 1302, 15, 364, 808, 134568, 31049, 6744, 3037, 12253, 553, 1236, 6623, 2164, 1078, 290, 5296, 350, 7393, 395, 9682, 11, 326, 1340, 413, 8213, 1883, 27, 69631, 6744, 523, 8505, 198, 808, 69631, 6744, 3037, 10620, 4843, 9637, 48255, 290, 2164, 5151, 11, 2075, 634, 1636, 316, 48255, 290, 9595, 4376, 326, 634, 2839, 8437, 316, 17722, 290, 2208, 5296, 364, 3335, 481, 1309, 316, 5067, 3490, 11, 3779, 10419, 3490, 1299, 392, 18582, 3490, 672, 634, 3490, 1757, 413, 9141, 150488, 326, 3741, 316, 9637, 17722, 290, 5296, 13, 6311, 5281, 290, 3490, 11, 481, 2804, 15792, 290, 3490, 558, 3335, 481, 553, 2966, 316, 2273, 2698, 6291, 11, 481, 1757, 45615, 8633, 722, 290, 23478, 1974, 3104, 350, 58447, 48182, 6291, 306, 16216, 6291, 8, 306, 634, 6052, 316, 1632, 1273, 13816, 1761, 1919, 316, 1646, 290, 1974, 558, 3335, 481, 1646, 290, 1543, 15921, 382, 328, 860, 1652, 316, 5533, 290, 10705, 5296, 4122, 402, 290, 2164, 481, 20480, 11, 481, 1757, 1520, 290, 1543, 15921, 9363, 11, 326, 622, 634, 38415, 395, 290, 2613, 5983, 13, 350, 68, 1940, 13, 481, 553, 7747, 316, 13424, 290, 3100, 328, 290, 3213, 11, 889, 290, 3213, 382, 3101, 1701, 13, 1225, 382, 3432, 316, 5067, 22752, 3490, 316, 2273, 480, 8, 200007, 200006, 173781, 200005, 12606, 815, 316, 28, 44580, 16718, 95334, 220, 200003, 4108, 200008, 10848, 2975, 7534, 21283, 17, 197588, 62540, 40095, 57606, 5686, 40747, 2237, 7357, 3911, 220, 1323, 17, 4294, 4571, 11623, 52628, 1243, 16, 92, 200012, 200006, 44580, 16718, 95334, 316, 28, 173781, 200005, 12606, 815, 200008, 58, 40200, 2521, 1537, 2337, 220, 16, 11, 461, 4576, 2337, 461, 21283, 17, 197588, 62540, 40095, 11, 57606, 5686, 11, 45039, 220, 51742, 10116, 1022, 134333, 787, 461, 9186, 2337, 461, 40377, 220, 1055, 11, 220, 1323, 19, 2550, 220, 21283, 17, 197588, 62540, 40095, 11, 57606, 5686, 11, 45039, 220, 51742, 10116, 382, 6821, 625, 395, 7357, 13, 623, 220, 18694, 23, 22980, 84848, 4590, 3502, 2237, 382, 261, 220, 19, 27154, 11, 220, 17, 59369, 4322, 36660, 461, 8431, 26156, 2337, 461, 21283, 17, 197588, 62540, 40095, 11, 57606, 5686, 45039, 11, 382, 261, 16035, 14098, 2237, 484, 8895, 220, 18694, 23, 24743, 16280, 326, 673, 8113, 306, 220, 6514, 18, 50453, 8895, 220, 19, 26058, 326, 220, 17, 42897, 52176, 2237, 2174, 8754, 395, 548, 16, 11, 9659, 11, 1302, 306, 7561, 220, 1323, 19, 15043, 77, 2381, 77, 976, 153542, 395, 495, 16035, 14098, 382, 548, 16, 11, 20335, 11, 9534, 20401, 25417, 153542, 395, 495, 16035, 14098, 382, 548, 19, 11, 11442, 107133, 36660, 461, 1804, 2337, 461, 4172, 1684, 3064, 9161, 96712, 1136, 14174, 33332, 16967, 14, 21283, 17, 9406, 1854, 62540, 12, 21001, 10316, 830, 75, 10050, 536, 13091, 40, 12, 51742, 10116, 14, 38732, 43615, 18252, 19554, 14, 17352, 60, 200007, 200006, 173781, 200005, 12606, 815, 316, 28, 44580, 16718, 95334, 220, 200003, 4108, 200008, 10848, 2975, 7534, 667, 22, 11036, 78, 27522, 20944, 57606, 5686, 40747, 2237, 7357, 3911, 220, 1323, 17, 4294, 4571, 11623, 52628, 1243, 16, 92, 200012, 200006, 44580, 16718, 95334, 316, 28, 173781, 200005, 12606, 815, 200008, 58, 40200, 2521, 1537, 2337, 220, 16, 11, 461, 4576, 2337, 461, 667, 22, 11036, 78, 27522, 3808, 11, 57606, 5686, 11, 45039, 220, 51742, 10116, 1022, 134333, 787, 461, 9186, 2337, 392, 8884, 1432, 8464, 37717, 3880, 8464, 48055, 634, 14279, 3880, 8464, 51662, 3582, 8464, 62224, 827, 4877, 8464, 11772, 5678, 8464, 5473, 5577, 5678, 8464, 98582, 12668, 21161, 461, 8431, 26156, 2337, 461, 667, 22, 11036, 78, 27522, 3808, 11, 57606, 5686, 45039, 11, 382, 261, 16035, 14098, 2237, 484, 8895, 220, 18881, 22, 24743, 16280, 326, 673, 8113, 306, 220, 6514, 20, 50453, 8895, 220, 19, 26058, 326, 220, 18, 42897, 52176, 2237, 2174, 8754, 395, 548, 16, 11, 23150, 11, 1302, 306, 7940, 220, 1323, 18, 15043, 77, 2381, 77, 976, 153542, 395, 495, 16035, 14098, 382, 548, 16, 11, 9444, 11, 3234, 20401, 25417, 153542, 395, 495, 16035, 14098, 382, 548, 19, 11, 30907, 107133, 36660, 461, 1804, 2337, 461, 4172, 1684, 3064, 9161, 96712, 1136, 14174, 33332, 16967, 14, 667, 22, 12249, 15150, 6189, 1361, 12, 5822, 10316, 830, 75, 10050, 536, 13091, 40, 12, 51742, 10116, 14, 38732, 43890, 18252, 19554, 14, 17352, 60, 200007, 200006, 173781, 200005, 12606, 815, 316, 28, 44580, 67806, 61043, 16500, 220, 200003, 4108, 200008, 10848, 11557, 5558, 7534, 4172, 1684, 3064, 9161, 96712, 1136, 14174, 33332, 16967, 14, 21283, 17, 9406, 1854, 62540, 12, 21001, 10316, 830, 75, 10050, 536, 13091, 40, 12, 51742, 10116, 14, 38732, 43615, 18252, 19554, 14, 4294, 2975, 7534, 64157, 3911, 220, 1323, 17, 18583, 200012, 200006, 44580, 67806, 61043, 16500, 316, 28, 173781, 200005, 12606, 815, 200008, 55978, 11, 23317, 39818, 2758, 17719, 20614, 4172, 1684, 3064, 9161, 96712, 1136, 14174, 33332, 16967, 14, 21283, 17, 9406, 1854, 62540, 12, 21001, 10316, 830, 75, 10050, 536, 13091, 40, 12, 51742, 10116, 14, 38732, 43615, 18252, 19554, 52099, 38258, 16099, 7626, 40350, 23428, 77, 3392, 8884, 1432, 16815, 44484, 8884, 4878, 123462, 3392, 3392, 34422, 3392, 3392, 45639, 4479, 3392, 3392, 46759, 3895, 20614, 4172, 1684, 48251, 45173, 1136, 92654, 20096, 27309, 5409, 1282, 30, 7693, 28, 21283, 17, 195068, 1854, 62540, 10, 21001, 4, 17, 34, 10, 137706, 75, 10, 15764, 4, 17, 34, 10, 36525, 10, 51742, 10116, 5, 4461, 28, 30522, 87, 21514, 5, 1898, 28, 138699, 53597, 1312, 37, 4123, 33, 16, 1503, 8287, 104805, 69, 22, 5190, 18, 12, 20, 50872, 38291, 64, 39, 80, 36, 41, 69, 21, 171570, 5, 4935, 28, 468, 10306, 14658, 75838, 28, 31846, 80, 19, 39, 80, 1483, 24, 68715, 88, 22, 124421, 70, 74, 6624, 86, 1205, 173219, 74, 786, 28, 23428, 77, 3392, 3, 16, 11, 9659, 11, 1302, 3392, 3392, 2, 220, 21283, 17, 197588, 62540, 40095, 51674, 16074, 15, 137706, 75, 5686, 11, 45039, 220, 51742, 10116, 3392, 3392, 19, 174454, 3392, 3392, 17, 65, 83839, 3392, 3392, 16, 11, 44008, 57619, 826, 3392, 3392, 9868, 13, 2714, 72, 9277, 16008, 16074, 15, 3, 20, 11, 26203, 107133, 3392, 3392, 58, 4634, 258, 766, 634, 11648, 20614, 4172, 1684, 3064, 9161, 96712, 1136, 5712, 390, 81643, 52099, 14, 96238, 5, 48833, 1163, 28, 1874, 258, 766, 5, 15571, 2836, 28, 51742, 10116, 5, 8813, 1638, 28, 15970, 1302, 15, 5, 8813, 1163, 28, 13301, 19687, 8884, 5, 4935, 28, 57, 141142, 2653, 32668, 39, 16851, 105294, 5, 13692, 79, 4823, 143132, 14179, 4391, 16851, 23428, 77, 3392, 13301, 14098, 78263, 3392, 3392, 70561, 306, 220, 6514, 18, 3392, 3392, 5994, 12, 5994, 12, 102497, 3261, 3392, 3392, 3, 16, 11, 13567, 11, 4812, 153542, 8980, 59, 77, 3392, 3, 47628, 5031, 80, 826, 3392, 3392, 3, 19, 11, 11442, 120237, 9462, 3392, 3392, 877, 6136, 1432, 3392, 3392, 57, 56622, 8980, 59, 77, 3392, 3, 16, 11, 13567, 11, 4812, 3392, 3392, 76710, 7155, 3352, 3392, 3392, 3, 16, 13, 994, 44, 533, 548, 16, 13, 1860, 44, 3392, 3392, 56915, 153542, 8980, 59, 77, 3392, 3, 19, 11, 11442, 107133, 3392, 3392, 57, 56622, 8980, 5678, 3392, 3392, 8884, 4824, 56915, 153542, 24146, 9927, 3392, 3392, 410, 3160, 1238, 2839, 540, 495, 1058, 13, 410, 59, 77, 3392, 11636, 3392, 3392, 197451, 47523, 77967, 77, 3392, 877, 37717, 3880, 3392, 3392, 950, 634, 2237, 395, 135324, 15, 50470, 3392, 3392, 3, 19, 11, 11442, 107133, 3392, 3392, 56915, 153542, 8980, 59, 77, 3392, 11437, 634, 2613, 182651, 483, 134333, 34567, 13415, 13, 11899, 11, 483, 2296, 9391, 11, 481, 665, 8065, 6188, 37350, 63256, 1127, 395, 2240, 15043, 77, 3392, 58, 29387, 945, 20614, 4172, 1684, 3064, 9161, 96712, 1136, 17447, 5095, 100138, 32316, 278, 66, 143132, 14179, 39, 16851, 5190, 299, 23428, 77, 3392, 3, 19, 11, 11442, 107133, 3392, 3392, 56915, 153542, 8980, 59, 77, 3392, 4634, 258, 766, 326, 5093, 3392, 3392, 3, 20, 11, 28573, 107133, 3392, 3392, 9868, 13, 9277, 3392, 3392, 4634, 258, 12551, 316, 261, 6931, 6251, 2023, 1652, 10389, 634, 16213, 18382, 326, 5093, 13369, 1072, 290, 2615, 328, 290, 11648, 15043, 77, 3392, 58, 16457, 41482, 9837, 20614, 4172, 1684, 3064, 9161, 96712, 1136, 115236, 258, 766, 32316, 7254, 23000, 5, 15571, 28, 51742, 10116, 5, 1594, 28, 14799, 36832, 15, 5, 746, 493, 649, 28, 1874, 258, 766, 168424, 7693, 23428, 77, 3392, 3, 20, 11, 28573, 107133, 3392, 3392, 9868, 13, 9277, 3392, 3392, 877, 48055, 634, 14279, 3880, 3392, 3392, 6908, 483, 261, 134333, 9518, 11793, 3392, 3392, 2486, 5771, 1043, 16897, 326, 134333, 885, 15696, 131144, 25825, 316, 717, 634, 2237, 6177, 656, 945, 25359, 15043, 77, 3392, 58, 1816, 5424, 20614, 4172, 1684, 3064, 9161, 96712, 1136, 24083, 69, 1685, 1288, 14, 13187, 49572, 379, 97226, 8618, 6115, 14, 23428, 77, 3392, 950, 483, 634, 2316, 11793, 3392, 3392, 1816, 634, 2237, 306, 5567, 328, 15568, 328, 25359, 656, 17040, 480, 402, 134333, 15043, 77, 3392, 58, 29387, 1495, 316, 621, 480, 20614, 4172, 1684, 3064, 9161, 96712, 1136, 5031, 596, 5031, 4806, 18391, 3471, 14, 23428, 77, 3392, 53767, 480, 6675, 3392, 3392, 22951, 3149, 3580, 328, 1495, 25359, 1921, 634, 2237, 402, 134333, 656, 17040, 2214, 17149, 656, 37717, 350, 14179, 8025, 182166, 77, 3392, 113982, 634, 2237, 20614, 4172, 1684, 3064, 9161, 96712, 1136, 14, 1938, 106736, 23541, 139126, 32316, 89, 19554, 28, 38732, 43615, 23428, 77, 3392, 877, 51662, 3582, 3392, 3392, 89351, 656, 16008, 77, 3392, 43232, 415, 1516, 44, 6053, 20811, 12, 41611, 12, 31659, 17, 51674, 77, 3392, 7805, 6994, 20534, 3392, 3392, 4823, 25, 19260, 50659, 37648, 11, 55683, 97210, 220, 1323, 31007, 38302, 46759, 55683, 36436, 20614, 4172, 1684, 52597, 9161, 96712, 4267, 1136, 11502, 79, 25451, 35272, 2991, 68, 15, 69, 23, 65, 47772, 504, 66, 3659, 65, 20, 67, 24, 67, 18369, 68, 19302, 65, 16826, 96712, 54968, 62, 4129, 62, 2467, 9414, 23428, 77, 3392, 877, 62224, 827, 4877, 3392, 3392, 31639, 36821, 3392, 3392, 197451, 71179, 827, 42897, 3392, 3392, 12, 71179, 25, 220, 19, 3392, 12, 11689, 42897, 25, 220, 17, 3392, 3392, 31639, 14069, 3392, 3392, 197451, 40497, 3392, 3392, 12, 17565, 18608, 25, 220, 19, 3392, 12, 40497, 4877, 25, 20944, 3499, 11, 46864, 11, 13311, 4004, 46864, 11, 13311, 91019, 11, 2160, 9903, 3392, 12, 46864, 18608, 25, 220, 17, 3392, 3392, 31639, 31452, 3392, 3392, 197451, 7003, 827, 2713, 3392, 3392, 12, 6136, 1490, 25, 16035, 19687, 3392, 12, 14069, 131804, 25, 16035, 14098, 78263, 3392, 3392, 197451, 30255, 3392, 3392, 12, 10343, 8113, 25, 220, 6514, 18, 3392, 3392, 8313, 945, 3392, 3392, 877, 11772, 5678, 3392, 3392, 7417, 5678, 382, 50818, 15043, 77, 3392, 877, 5473, 5577, 5678, 3392, 3392, 24146, 5678, 382, 50818, 15043, 77, 3392, 877, 84329, 25, 220, 51742, 10116, 3392, 3392, 41922, 8698, 58793, 112187, 3392, 3392, 877, 98582, 11179, 3392, 3392, 148747, 10405, 96393, 13632, 3392, 3392, 3160, 11179, 19486, 3392, 3392, 3160, 11179, 19486, 3392, 3392, 2167, 21149, 1646, 1062, 11179, 5862, 495, 2237, 15043, 77, 3392, 8313, 945, 3392, 3392, 148747, 48493, 395, 945, 402, 134333, 3392, 3392, 1816, 261, 134333, 131144, 10104, 254, 17040, 540, 860, 6623, 3097, 326, 481, 2023, 7437, 395, 220, 17, 4, 945, 15043, 77, 3392, 21996, 17040, 3392, 3, 16, 11, 13567, 11, 4812, 3392, 3392, 17, 4, 945, 3392, 3392, 71467, 1860, 11, 35070, 3392, 3392, 2886, 134333, 131144, 7, 89236, 23428, 77, 3392, 3, 16, 11, 10037, 11, 31612, 3392, 3392, 65243, 634, 2961, 258, 1327, 220, 18, 1349, 11, 860, 39686, 3392, 3392, 30177, 2237, 3392, 3392, 12, 723, 39, 158508, 20614, 4172, 1684, 3064, 9161, 96712, 1136, 14, 3686, 14, 23428, 77, 12, 723, 137706, 75, 5686, 20614, 4172, 1684, 3064, 9161, 96712, 1136, 14, 424, 4760, 113253, 142580, 14, 23428, 77, 12, 723, 51742, 10116, 20614, 4172, 1684, 3064, 9161, 96712, 1136, 14, 424, 4760, 113253, 142580, 12, 51742, 10116, 14, 23428, 77, 12, 6240, 21283, 17, 197588, 62540, 40095, 410, 59, 77, 3392, 877, 10473, 57606, 5686, 54532, 3392, 3392, 12, 723, 68608, 1626, 395, 25417, 306, 220, 51742, 10116, 20614, 4172, 1684, 3064, 9161, 96712, 1136, 14, 424, 4760, 113253, 142580, 12, 51742, 10116, 48466, 497, 1626, 14, 23428, 77, 12, 723, 39, 26940, 395, 17149, 306, 220, 51742, 10116, 20614, 4172, 1684, 3064, 9161, 96712, 1136, 14, 424, 4760, 113253, 142580, 12, 51742, 10116, 14, 23428, 77, 12, 723, 39, 26940, 395, 25417, 306, 220, 51742, 10116, 20614, 4172, 1684, 3064, 9161, 96712, 1136, 14, 424, 4760, 113253, 142580, 12, 51742, 10116, 17447, 299, 4559, 26940, 14, 23428, 77, 12, 723, 51742, 10116, 8702, 22603, 20614, 4172, 1684, 3064, 9161, 96712, 1136, 14, 424, 4760, 113253, 142580, 12, 51742, 10116, 14, 23428, 77, 12, 723, 137706, 75, 5686, 14428, 365, 20614, 4172, 1684, 3064, 9161, 96712, 1136, 14, 424, 4760, 113253, 142580, 14, 1893, 365, 14, 23428, 77, 12, 723, 39, 26940, 395, 17149, 306, 57606, 5686, 20614, 4172, 1684, 3064, 9161, 96712, 1136, 14, 424, 4760, 113253, 142580, 14174, 26940, 14, 23428, 77, 12, 723, 177344, 69379, 306, 57606, 5686, 20614, 4172, 1684, 3064, 9161, 96712, 1136, 14, 424, 4760, 113253, 142580, 52644, 376, 14, 23428, 77, 12, 723, 137706, 75, 5686, 6136, 50487, 20614, 4172, 1684, 3064, 9161, 96712, 1136, 36797, 159509, 14, 36354, 3898, 14, 424, 4760, 113253, 142580, 14, 23428, 77, 12, 723, 137706, 75, 5686, 8702, 22603, 76859, 20614, 4172, 1684, 3064, 9161, 96712, 1136, 14, 424, 4760, 113253, 142580, 14, 13187, 49572, 379, 97226, 8618, 6115, 14, 23428, 77, 12, 723, 137706, 75, 5686, 907, 95904, 20614, 4172, 1684, 3064, 9161, 96712, 1136, 115236, 258, 766, 14, 3686, 14, 424, 4760, 113253, 14, 23428, 77, 12, 723, 137706, 75, 5686, 63239, 47566, 20614, 4172, 1684, 3064, 9161, 96712, 1136, 5712, 390, 16885, 6335, 1381, 14, 3686, 14, 424, 4760, 113253, 14, 23428, 77, 3392, 8313, 945, 1405, 200007, 200006, 173781, 200005, 12606, 815, 316, 28, 44580, 67806, 61043, 16500, 220, 200003, 4108, 200008, 10848, 11557, 5558, 7534, 4172, 1684, 3064, 9161, 96712, 1136, 14174, 33332, 16967, 14, 667, 22, 12249, 15150, 6189, 1361, 12, 5822, 10316, 830, 75, 10050, 536, 13091, 40, 12, 51742, 10116, 14, 38732, 43890, 18252, 19554, 14, 4294, 2975, 7534, 64157, 3911, 220, 1323, 17, 18583, 200012, 200006, 44580, 67806, 61043, 16500, 316, 28, 173781, 200005, 12606, 815, 200008, 55978, 11, 23317, 39818, 2758, 17719, 20614, 4172, 1684, 3064, 9161, 96712, 1136, 14174, 33332, 16967, 14, 667, 22, 12249, 15150, 6189, 1361, 12, 5822, 10316, 830, 75, 10050, 536, 13091, 40, 12, 51742, 10116, 14, 38732, 43890, 18252, 19554, 52099, 38258, 16099, 7626, 40350, 23428, 77, 3392, 8884, 1432, 16815, 44484, 8884, 4878, 123462, 3392, 3392, 34422, 3392, 3392, 46759, 3895, 20614, 4172, 1684, 52597, 9161, 96712, 4267, 1136, 11502, 79, 14, 44782, 69, 48897, 18, 67, 19, 65, 20, 65, 39589, 24, 16715, 3255, 67, 17, 3687, 43239, 6818, 69, 21, 12, 710, 110673, 62, 30522, 9414, 23428, 77, 3392, 3, 16, 11, 23150, 11, 1302, 3392, 3392, 2, 220, 667, 22, 11036, 78, 27522, 3808, 51674, 16074, 15, 137706, 75, 5686, 11, 45039, 220, 51742, 10116, 3392, 3392, 19, 174454, 3392, 3392, 18, 65, 83839, 3392, 3392, 16, 11, 40657, 57619, 826, 3392, 3392, 9868, 13, 2714, 72, 9277, 16008, 16074, 15, 3, 19, 11, 42597, 107133, 3392, 3392, 58, 4634, 258, 766, 634, 11648, 20614, 4172, 1684, 3064, 9161, 96712, 1136, 5712, 390, 81643, 52099, 14, 96238, 5, 48833, 1163, 28, 1874, 258, 766, 5, 15571, 2836, 28, 51742, 10116, 5, 8813, 1638, 28, 11003, 1302, 15, 5, 8813, 1163, 28, 13301, 19687, 8884, 5, 4935, 28, 57, 141142, 2653, 32668, 39, 16851, 105294, 5, 13692, 79, 4823, 143132, 14179, 4391, 16851, 23428, 77, 3392, 13301, 14098, 78263, 3392, 3392, 70561, 306, 220, 6514, 20, 3392, 3392, 5994, 12, 5994, 12, 102497, 3261, 3392, 3392, 3, 16, 11, 9444, 11, 3234, 153542, 8980, 59, 77, 3392, 3, 43345, 5031, 80, 826, 3392, 3392, 3, 19, 11, 30907, 120237, 9462, 3392, 3392, 877, 6136, 1432, 3392, 3392, 57, 56622, 8980, 59, 77, 3392, 3, 16, 11, 9444, 11, 3234, 3392, 3392, 76710, 7155, 3352, 3392, 3392, 3, 16, 13, 702, 44, 533, 548, 16, 13, 1709, 44, 3392, 3392, 56915, 153542, 8980, 59, 77, 3392, 3, 19, 11, 30907, 107133, 3392, 3392, 57, 56622, 8980, 5678, 3392, 3392, 8884, 4824, 56915, 153542, 24146, 9927, 3392, 3392, 410, 3160, 1238, 2839, 540, 495, 1058, 13, 410, 59, 77, 3392, 11636, 3392, 3392, 197451, 47523, 77967, 77, 3392, 877, 37717, 3880, 3392, 3392, 950, 634, 2237, 395, 135324, 15, 50470, 3392, 3392, 3, 19, 11, 30907, 107133, 3392, 3392, 56915, 153542, 8980, 59, 77, 3392, 11437, 634, 2613, 182651, 483, 134333, 34567, 13415, 13, 11899, 11, 483, 2296, 9391, 11, 481, 665, 8065, 6188, 37350, 63256, 1127, 395, 2240, 15043, 77, 3392, 58, 29387, 945, 20614, 4172, 1684, 3064, 9161, 96712, 1136, 17447, 5095, 100138, 32316, 278, 66, 143132, 14179, 39, 16851, 5190, 299, 23428, 77, 3392, 3, 19, 11, 30907, 107133, 3392, 3392, 56915, 153542, 8980, 59, 77, 3392, 4634, 258, 766, 326, 5093, 3392, 3392, 3, 19, 11, 42597, 107133, 3392, 3392, 9868, 13, 9277, 3392, 3392, 4634, 258, 12551, 316, 261, 6931, 6251, 2023, 1652, 10389, 634, 16213, 18382, 326, 5093, 13369, 1072, 290, 2615, 328, 290, 11648, 15043, 77, 3392, 58, 16457, 41482, 9837, 20614, 4172, 1684, 3064, 9161, 96712, 1136, 115236, 258, 766, 32316, 7254, 23000, 5, 15571, 28, 51742, 10116, 5, 1594, 28, 14799, 27707, 15, 5, 746, 493, 649, 28, 1874, 258, 766, 168424, 7693, 23428, 77, 3392, 3, 19, 11, 42597, 107133, 3392, 3392, 9868, 13, 9277, 3392, 3392, 877, 48055, 634, 14279, 3880, 3392, 3392, 6908, 483, 261, 134333, 9518, 11793, 3392, 3392, 2486, 5771, 1043, 16897, 326, 134333, 885, 15696, 131144, 25825, 316, 717, 634, 2237, 6177, 656, 945, 25359, 15043, 77, 3392, 58, 1816, 5424, 20614, 4172, 1684, 3064, 9161, 96712, 1136, 24083, 69, 1685, 1288, 14, 13187, 49572, 379, 97226, 8618, 6115, 14, 23428, 77, 3392, 950, 483, 634, 2316, 11793, 3392, 3392, 1816, 634, 2237, 306, 5567, 328, 15568, 328, 25359, 656, 17040, 480, 402, 134333, 15043, 77, 3392, 58, 29387, 1495, 316, 621, 480, 20614, 4172, 1684, 3064, 9161, 96712, 1136, 5031, 596, 5031, 4806, 18391, 3471, 14, 23428, 77, 3392, 53767, 480, 6675, 3392, 3392, 22951, 3149, 3580, 328, 1495, 25359, 1921, 634, 2237, 402, 134333, 656, 17040, 2214, 17149, 656, 37717, 350, 14179, 8025, 182166, 77, 3392, 113982, 634, 2237, 20614, 4172, 1684, 3064, 9161, 96712, 1136, 14, 1938, 106736, 23541, 139126, 32316, 89, 19554, 28, 38732, 43890, 23428, 77, 3392, 877, 51662, 3582, 3392, 3392, 89351, 656, 16008, 77, 3392, 3451, 1522, 460, 1516, 8964, 103162, 20811, 12, 31887, 12, 49944, 15, 51674, 77, 3392, 46, 30761, 61236, 3392, 3392, 4823, 25, 19260, 50659, 37648, 11, 55683, 97210, 220, 1323, 25117, 36964, 46759, 55683, 36436, 20614, 4172, 1684, 52597, 9161, 96712, 4267, 1136, 11502, 79, 25451, 35272, 2991, 68, 15, 69, 23, 65, 47772, 504, 66, 3659, 65, 20, 67, 24, 67, 18369, 68, 19302, 65, 16826, 96712, 54968, 62, 4129, 62, 2467, 9414, 23428, 77, 3392, 877, 62224, 827, 4877, 3392, 3392, 31639, 36821, 3392, 3392, 197451, 71179, 827, 42897, 3392, 3392, 12, 71179, 25, 220, 19, 3392, 12, 11689, 42897, 25, 220, 18, 3392, 3392, 31639, 14069, 3392, 3392, 197451, 40497, 3392, 3392, 12, 17565, 18608, 25, 220, 19, 3392, 12, 40497, 4877, 25, 21877, 503, 945, 91019, 3392, 3392, 31639, 31452, 3392, 3392, 197451, 7003, 827, 2713, 3392, 3392, 12, 6136, 1490, 25, 16035, 19687, 3392, 12, 14069, 131804, 25, 16035, 14098, 78263, 3392, 3392, 197451, 30255, 3392, 3392, 12, 10343, 8113, 25, 220, 6514, 20, 3392, 3392, 8313, 945, 3392, 3392, 877, 11772, 5678, 3392, 3392, 7417, 5678, 382, 50818, 15043, 77, 3392, 877, 5473, 5577, 5678, 3392, 3392, 24146, 5678, 382, 50818, 15043, 77, 3392, 877, 84329, 25, 220, 51742, 10116, 3392, 3392, 877, 98582, 11179, 3392, 3392, 148747, 10405, 96393, 13632, 3392, 3392, 3160, 11179, 19486, 3392, 3392, 3160, 11179, 19486, 3392, 3392, 2167, 21149, 1646, 1062, 11179, 5862, 495, 2237, 15043, 77, 3392, 8313, 945, 3392, 3392, 148747, 48493, 395, 945, 402, 134333, 3392, 3392, 1816, 261, 134333, 131144, 10104, 254, 17040, 540, 860, 6623, 3097, 326, 481, 2023, 7437, 395, 220, 17, 4, 945, 15043, 77, 3392, 21996, 17040, 3392, 3, 16, 11, 9444, 11, 3234, 3392, 3392, 17, 4, 945, 3392, 3392, 71467, 1860, 11, 14028, 3392, 3392, 2886, 134333, 131144, 7, 89236, 23428, 77, 3392, 3, 16, 11, 17104, 11, 34303, 3392, 3392, 65243, 634, 2961, 258, 1327, 220, 18, 1349, 11, 860, 39686, 3392, 3392, 30177, 2237, 3392, 3392, 12, 723, 39, 158508, 20614, 4172, 1684, 3064, 9161, 96712, 1136, 14, 3686, 14, 23428, 77, 12, 723, 137706, 75, 5686, 20614, 4172, 1684, 3064, 9161, 96712, 1136, 14, 424, 4760, 113253, 142580, 14, 23428, 77, 12, 723, 51742, 10116, 20614, 4172, 1684, 3064, 9161, 96712, 1136, 14, 424, 4760, 113253, 142580, 12, 51742, 10116, 14, 23428, 77, 12, 6240, 667, 22, 11036, 78, 27522, 3808, 410, 59, 77, 3392, 877, 10473, 57606, 5686, 54532, 3392, 3392, 12, 723, 68608, 1626, 395, 25417, 306, 220, 51742, 10116, 20614, 4172, 1684, 3064, 9161, 96712, 1136, 14, 424, 4760, 113253, 142580, 12, 51742, 10116, 48466, 497, 1626, 14, 23428, 77, 12, 723, 39, 26940, 395, 17149, 306, 220, 51742, 10116, 20614, 4172, 1684, 3064, 9161, 96712, 1136, 14, 424, 4760, 113253, 142580, 12, 51742, 10116, 14, 23428, 77, 12, 723, 39, 26940, 395, 25417, 306, 220, 51742, 10116, 20614, 4172, 1684, 3064, 9161, 96712, 1136, 14, 424, 4760, 113253, 142580, 12, 51742, 10116, 17447, 299, 4559, 26940, 14, 23428, 77, 12, 723, 51742, 10116, 8702, 22603, 20614, 4172, 1684, 3064, 9161, 96712, 1136, 14, 424, 4760, 113253, 142580, 12, 51742, 10116, 14, 23428, 77, 12, 723, 137706, 75, 5686, 14428, 365, 20614, 4172, 1684, 3064, 9161, 96712, 1136, 14, 424, 4760, 113253, 142580, 14, 1893, 365, 14, 23428, 77, 12, 723, 39, 26940, 395, 17149, 306, 57606, 5686, 20614, 4172, 1684, 3064, 9161, 96712, 1136, 14, 424, 4760, 113253, 142580, 14174, 26940, 14, 23428, 77, 12, 723, 177344, 69379, 306, 57606, 5686, 20614, 4172, 1684, 3064, 9161, 96712, 1136, 14, 424, 4760, 113253, 142580, 52644, 376, 14, 23428, 77, 12, 723, 137706, 75, 5686, 6136, 50487, 20614, 4172, 1684, 3064, 9161, 96712, 1136, 36797, 159509, 14, 36354, 3898, 14, 424, 4760, 113253, 142580, 14, 23428, 77, 12, 723, 137706, 75, 5686, 8702, 22603, 76859, 20614, 4172, 1684, 3064, 9161, 96712, 1136, 14, 424, 4760, 113253, 142580, 14, 13187, 49572, 379, 97226, 8618, 6115, 14, 23428, 77, 12, 723, 137706, 75, 5686, 907, 95904, 20614, 4172, 1684, 3064, 9161, 96712, 1136, 115236, 258, 766, 14, 3686, 14, 424, 4760, 113253, 14, 23428, 77, 12, 723, 137706, 75, 5686, 63239, 47566, 20614, 4172, 1684, 3064, 9161, 96712, 1136, 5712, 390, 16885, 6335, 1381, 14, 3686, 14, 424, 4760, 113253, 14, 23428, 77, 3392, 8313, 945, 1405, 200007, 200006, 173781, 200005, 17196, 200008, 40, 679, 29313, 290, 7357, 8451, 328, 290, 1920, 12668, 2360, 134333, 472, 448, 13319, 4256, 1402, 16, 13, 6240, 21283, 17, 197588, 62540, 40095, 11, 57606, 5686, 11, 40747, 410, 25, 623, 2237, 8754, 395, 548, 16, 11, 9659, 11, 1302, 306, 220, 1323, 17, 13, 1328, 15248, 290, 2164, 5181, 306, 290, 50228, 4376, 364, 17, 13, 6240, 667, 22, 11036, 78, 27522, 20944, 11, 57606, 5686, 11, 40747, 410, 25, 623, 2237, 8754, 395, 548, 16, 11, 23150, 11, 1302, 306, 220, 1323, 18, 13, 5551, 11, 290, 50228, 4376, 13808, 261, 7357, 3911, 328, 548, 9752, 11, 1302, 306, 220, 1323, 17, 13, 1225, 7890, 1354, 3572, 413, 261, 173834, 306, 290, 1284, 503, 290, 7357, 3911, 364, 28326, 402, 290, 29313, 2164, 591, 134333, 11, 290, 2237, 540, 220, 21283, 17, 197588, 62540, 40095, 8754, 395, 945, 1572, 290, 2237, 540, 220, 667, 22, 11036, 78, 27522, 20944, 13, 623, 7357, 3911, 395, 220, 21283, 17, 197588, 62540, 40095, 382, 19312, 472, 220, 15970, 1302, 15, 350, 55931, 179663, 503, 26964, 9610, 3991, 976, 173834, 395, 220, 667, 22, 11036, 78, 27522, 20944, 23379, 484, 4784, 290, 1284, 503, 290, 7357, 3911, 3572, 679, 1339, 4694, 181697, 306, 290, 50228, 4376, 13, 19805, 20606, 1511, 290, 6354, 7357, 4878, 395, 220, 1323, 17, 3572, 413, 6118, 316, 14062, 495, 173834, 13, 200002]"
2460,92,1,[16],"[200006, 17360, 200008, 3575, 553, 17554, 162016, 11, 261, 4410, 6439, 2359, 22203, 656, 7788, 17527, 558, 87447, 100594, 25, 220, 1323, 19, 12, 3218, 198, 6576, 3521, 25, 220, 1323, 21, 12, 3000, 12, 3000, 279, 30377, 289, 25, 14093, 279, 2, 13888, 18403, 25, 8450, 11, 49159, 11, 1721, 13, 21030, 2804, 413, 7360, 395, 1753, 3176, 558, 63446, 316, 1879, 8437, 2804, 810, 316, 290, 49159, 9334, 25, 461, 44580, 6120, 200007, 200006, 77944, 200008, 2, 20574, 279, 877, 9964, 279, 4797, 9964, 95359, 6318, 3322, 483, 261, 10185, 5701, 6011, 558, 2493, 622, 20405, 21978, 314, 11350, 25, 10168, 623, 4170, 328, 290, 41844, 484, 382, 21482, 316, 290, 5296, 16547, 456, 78225, 1537, 25, 1621, 412, 9263, 871, 1062, 502, 92, 602, 9819, 9964, 200007, 200006, 17360, 200008, 3575, 553, 93594, 261, 3566, 328, 13816, 13, 355, 22682, 665, 413, 261, 3566, 328, 19297, 503, 261, 4590, 11793, 13, 11555, 22682, 382, 5371, 316, 17722, 261, 4857, 3675, 328, 5296, 13, 4886, 3349, 6664, 123177, 13638, 316, 261, 9595, 22682, 11, 9278, 261, 620, 22682, 395, 261, 5296, 11, 5178, 13, 200007, 200006, 1428, 200008, 3575, 1309, 316, 14975, 290, 5296, 316, 261, 22682, 4596, 558, 976, 3100, 328, 290, 5296, 382, 1402, 2900, 177016, 5975, 395, 7178, 2237, 7155, 1238, 306, 57606, 5686, 11, 40747, 11, 16515, 395, 290, 20866, 220, 21283, 17, 197588, 62540, 40095, 326, 220, 667, 22, 11036, 78, 27522, 20944, 11, 316, 1646, 842, 1118, 2237, 8754, 395, 945, 306, 220, 1323, 17, 558, 2900, 105090, 279, 12253, 553, 1236, 6623, 2164, 1078, 290, 5296, 1402, 27022, 104259, 2694, 99822, 169349, 94270, 14572, 5135, 457, 30637, 52050, 5121, 5436, 7116, 3203, 174789, 11, 21371, 182884, 67758, 13, 19461, 112742, 353, 47176, 8734, 8033, 182884, 30962, 6178, 112742, 7116, 104259, 8734, 8033, 3203, 174789, 558, 2900, 177016, 8505, 198, 2900, 105090, 279, 41463, 382, 290, 2164, 328, 290, 9595, 22682, 15749, 13, 623, 6011, 382, 464, 1240, 62606, 27, 9186, 62606, 27, 69631, 6744, 29, 364, 2900, 177016, 27, 39398, 31088, 21, 62606, 27, 32, 10297, 29186, 484, 665, 3684, 290, 1880, 11, 13424, 53556, 3100, 11, 66687, 10327, 10370, 11, 326, 31053, 12331, 2164, 13, 62606, 27, 30616, 25, 3684, 95334, 11, 3684, 3567, 5368, 11, 3684, 3567, 5368, 3067, 26422, 11, 3684, 81741, 3276, 54968, 5342, 11, 13424, 61043, 16500, 11, 28248, 6236, 11, 3810, 67587, 138995, 44960, 523, 27, 26568, 34216, 18, 62606, 27, 32, 10297, 29186, 484, 665, 2273, 261, 7968, 328, 2698, 326, 13571, 13427, 11, 3463, 17625, 11, 6806, 87, 11, 7493, 11, 11065, 11, 326, 3823, 11, 5178, 13, 62606, 27, 30616, 25, 13424, 61043, 16500, 11, 3810, 67587, 138995, 10607, 11, 3810, 67587, 138995, 67826, 11, 3810, 67587, 138995, 44960, 11, 15792, 8330, 523, 27, 39739, 35205, 19, 62606, 27, 32, 10297, 29186, 484, 50847, 306, 57927, 11, 22458, 11, 326, 12323, 19383, 6291, 13, 5551, 11, 480, 6284, 3158, 290, 6179, 316, 3684, 395, 2164, 13, 1843, 290, 5296, 10860, 22752, 20860, 11, 480, 1757, 413, 21254, 316, 15792, 290, 3490, 1934, 5281, 480, 13, 62606, 27, 30616, 25, 15792, 8330, 11, 13424, 123860, 16500, 11, 13424, 61043, 16500, 3037, 2900, 105090, 279, 3575, 2804, 622, 290, 4170, 328, 290, 22682, 4596, 484, 481, 2411, 382, 1645, 18777, 328, 5306, 290, 5296, 558, 3335, 2208, 1543, 15921, 4414, 57927, 503, 22458, 11, 326, 290, 1543, 15921, 382, 625, 7168, 316, 50414, 12229, 7124, 350, 68, 1940, 13, 17437, 290, 6179, 936, 481, 1757, 1632, 290, 22682, 4596, 483, 5532, 57927, 503, 22458, 31631, 316, 621, 480, 13, 793, 200007, 200006, 173781, 200005, 17196, 200008, 40200, 456, 78225, 1537, 2337, 461, 39398, 31088, 21, 17352, 200007, 200006, 173781, 316, 28, 44580, 32620, 20405, 21978, 200005, 12606, 815, 5701, 200008, 10848, 456, 78225, 1537, 1243, 392, 39398, 31088, 21, 18583, 200012, 200006, 44580, 32620, 20405, 21978, 316, 28, 173781, 200005, 12606, 815, 200008, 40200, 456, 78225, 1537, 2337, 461, 39398, 31088, 21, 17352, 200007, 200006, 1428, 200008, 3575, 1309, 316, 14975, 290, 5296, 316, 261, 22682, 4596, 558, 976, 3100, 328, 290, 5296, 382, 1402, 2900, 177016, 33282, 290, 7357, 8451, 395, 2973, 220, 21283, 17, 197588, 62540, 40095, 326, 220, 667, 22, 11036, 78, 27522, 20944, 591, 290, 3684, 4376, 11, 26386, 290, 8451, 553, 13392, 2935, 179663, 503, 26964, 9610, 558, 2900, 105090, 279, 12253, 553, 1236, 6623, 2164, 1078, 290, 5296, 1402, 27022, 104259, 2694, 99822, 169349, 94270, 14572, 5135, 457, 30637, 52050, 5121, 5436, 7116, 3203, 174789, 11, 21371, 182884, 67758, 13, 19461, 112742, 353, 47176, 8734, 8033, 182884, 30962, 6178, 112742, 7116, 104259, 8734, 8033, 3203, 174789, 558, 2900, 177016, 8505, 198, 2900, 105090, 279, 41463, 382, 290, 2164, 328, 290, 9595, 22682, 15749, 13, 623, 6011, 382, 464, 1240, 62606, 27, 9186, 62606, 27, 69631, 6744, 29, 364, 2900, 177016, 27, 39398, 31088, 21, 62606, 27, 32, 10297, 29186, 484, 665, 3684, 290, 1880, 11, 13424, 53556, 3100, 11, 66687, 10327, 10370, 11, 326, 31053, 12331, 2164, 13, 62606, 27, 30616, 25, 3684, 95334, 11, 3684, 3567, 5368, 11, 3684, 3567, 5368, 3067, 26422, 11, 3684, 81741, 3276, 54968, 5342, 11, 13424, 61043, 16500, 11, 28248, 6236, 11, 3810, 67587, 138995, 44960, 11, 622, 20405, 21978, 523, 27, 26568, 34216, 18, 62606, 27, 32, 10297, 29186, 484, 665, 2273, 261, 7968, 328, 2698, 326, 13571, 13427, 11, 3463, 17625, 11, 6806, 87, 11, 7493, 11, 11065, 11, 326, 3823, 11, 5178, 13, 62606, 27, 30616, 25, 13424, 61043, 16500, 11, 3810, 67587, 138995, 10607, 11, 3810, 67587, 138995, 67826, 11, 3810, 67587, 138995, 44960, 11, 15792, 8330, 523, 27, 39739, 35205, 19, 62606, 27, 32, 10297, 29186, 484, 50847, 306, 57927, 11, 22458, 11, 326, 12323, 19383, 6291, 13, 5551, 11, 480, 6284, 3158, 290, 6179, 316, 3684, 395, 2164, 13, 1843, 290, 5296, 10860, 22752, 20860, 11, 480, 1757, 413, 21254, 316, 15792, 290, 3490, 1934, 5281, 480, 13, 62606, 27, 30616, 25, 15792, 8330, 11, 13424, 123860, 16500, 11, 13424, 61043, 16500, 3037, 2900, 105090, 279, 3575, 2804, 622, 290, 4170, 328, 290, 22682, 4596, 484, 481, 2411, 382, 1645, 18777, 328, 5306, 290, 5296, 558, 3335, 2208, 1543, 15921, 4414, 57927, 503, 22458, 11, 326, 290, 1543, 15921, 382, 625, 7168, 316, 50414, 12229, 7124, 350, 68, 1940, 13, 17437, 290, 6179, 936, 481, 1757, 1632, 290, 22682, 4596, 483, 5532, 57927, 503, 22458, 31631, 316, 621, 480, 13, 793, 200007, 200006, 1428, 200008, 8256, 36180, 290, 1114, 622, 20405, 21978, 316, 8866, 634, 4733, 13, 200007, 200006, 173781, 200005, 17196, 200008, 40200, 456, 78225, 1537, 2337, 461, 39398, 31088, 21, 17352, 200007, 200006, 173781, 316, 28, 44580, 32620, 20405, 21978, 200005, 12606, 815, 5701, 200008, 10848, 456, 78225, 1537, 1243, 392, 39398, 31088, 21, 18583, 200012, 200006, 44580, 32620, 20405, 21978, 316, 28, 173781, 200005, 12606, 815, 200008, 40200, 456, 78225, 1537, 2337, 461, 39398, 31088, 21, 17352, 200007, 200006, 1428, 200008, 3575, 1309, 316, 14975, 290, 5296, 316, 261, 22682, 4596, 558, 976, 3100, 328, 290, 5296, 382, 1402, 2900, 177016, 24973, 290, 7357, 8451, 328, 290, 1920, 12668, 316, 11433, 1118, 1001, 8754, 395, 945, 306, 220, 1323, 17, 558, 2900, 105090, 279, 12253, 553, 1236, 6623, 2164, 1078, 290, 5296, 1402, 27022, 104259, 2694, 99822, 169349, 94270, 14572, 5135, 457, 30637, 52050, 5121, 5436, 7116, 3203, 174789, 11, 21371, 182884, 67758, 13, 19461, 112742, 353, 47176, 8734, 8033, 182884, 30962, 6178, 112742, 7116, 104259, 8734, 8033, 3203, 174789, 558, 2900, 177016, 8505, 198, 2900, 105090, 279, 41463, 382, 290, 2164, 328, 290, 9595, 22682, 15749, 13, 623, 6011, 382, 464, 1240, 62606, 27, 9186, 62606, 27, 69631, 6744, 29, 364, 2900, 177016, 27, 39398, 31088, 21, 62606, 27, 32, 10297, 29186, 484, 665, 3684, 290, 1880, 11, 13424, 53556, 3100, 11, 66687, 10327, 10370, 11, 326, 31053, 12331, 2164, 13, 62606, 27, 30616, 25, 3684, 95334, 11, 3684, 3567, 5368, 11, 3684, 3567, 5368, 3067, 26422, 11, 3684, 81741, 3276, 54968, 5342, 11, 13424, 61043, 16500, 11, 28248, 6236, 11, 3810, 67587, 138995, 44960, 11, 622, 20405, 21978, 523, 27, 26568, 34216, 18, 62606, 27, 32, 10297, 29186, 484, 665, 2273, 261, 7968, 328, 2698, 326, 13571, 13427, 11, 3463, 17625, 11, 6806, 87, 11, 7493, 11, 11065, 11, 326, 3823, 11, 5178, 13, 62606, 27, 30616, 25, 13424, 61043, 16500, 11, 3810, 67587, 138995, 10607, 11, 3810, 67587, 138995, 67826, 11, 3810, 67587, 138995, 44960, 11, 15792, 8330, 523, 27, 39739, 35205, 19, 62606, 27, 32, 10297, 29186, 484, 50847, 306, 57927, 11, 22458, 11, 326, 12323, 19383, 6291, 13, 5551, 11, 480, 6284, 3158, 290, 6179, 316, 3684, 395, 2164, 13, 1843, 290, 5296, 10860, 22752, 20860, 11, 480, 1757, 413, 21254, 316, 15792, 290, 3490, 1934, 5281, 480, 13, 62606, 27, 30616, 25, 15792, 8330, 11, 13424, 123860, 16500, 11, 13424, 61043, 16500, 3037, 2900, 105090, 279, 3575, 2804, 622, 290, 4170, 328, 290, 22682, 4596, 484, 481, 2411, 382, 1645, 18777, 328, 5306, 290, 5296, 558, 3335, 2208, 1543, 15921, 4414, 57927, 503, 22458, 11, 326, 290, 1543, 15921, 382, 625, 7168, 316, 50414, 12229, 7124, 350, 68, 1940, 13, 17437, 290, 6179, 936, 481, 1757, 1632, 290, 22682, 4596, 483, 5532, 57927, 503, 22458, 31631, 316, 621, 480, 13, 793, 200007, 200006, 173781, 200005, 17196, 200008, 40200, 456, 78225, 1537, 2337, 461, 39739, 35205, 19, 17352, 200007, 200006, 173781, 316, 28, 44580, 32620, 20405, 21978, 200005, 12606, 815, 5701, 200008, 10848, 456, 78225, 1537, 1243, 392, 39739, 35205, 19, 18583, 200012, 200006, 44580, 32620, 20405, 21978, 316, 28, 173781, 200005, 12606, 815, 200008, 40200, 456, 78225, 1537, 2337, 461, 39739, 35205, 19, 17352, 200007, 200006, 1428, 200008, 3575, 1309, 316, 14975, 290, 5296, 316, 261, 22682, 4596, 558, 976, 3100, 328, 290, 5296, 382, 1402, 2900, 177016, 37762, 290, 7357, 8451, 326, 19211, 1534, 2360, 448, 13319, 4256, 503, 2595, 316, 6757, 18580, 558, 2900, 105090, 279, 12253, 553, 1236, 6623, 2164, 1078, 290, 5296, 1402, 27022, 104259, 2694, 99822, 169349, 94270, 14572, 5135, 457, 30637, 52050, 5121, 5436, 7116, 3203, 174789, 11, 21371, 182884, 67758, 13, 19461, 112742, 353, 47176, 8734, 8033, 182884, 30962, 6178, 112742, 7116, 104259, 8734, 8033, 3203, 174789, 558, 2900, 177016, 8505, 198, 2900, 105090, 279, 41463, 382, 290, 2164, 328, 290, 9595, 22682, 15749, 13, 623, 6011, 382, 464, 1240, 62606, 27, 9186, 62606, 27, 69631, 6744, 29, 364, 2900, 177016, 27, 39398, 31088, 21, 62606, 27, 32, 10297, 29186, 484, 665, 3684, 290, 1880, 11, 13424, 53556, 3100, 11, 66687, 10327, 10370, 11, 326, 31053, 12331, 2164, 13, 62606, 27, 30616, 25, 3684, 95334, 11, 3684, 3567, 5368, 11, 3684, 3567, 5368, 3067, 26422, 11, 3684, 81741, 3276, 54968, 5342, 11, 13424, 61043, 16500, 11, 28248, 6236, 11, 3810, 67587, 138995, 44960, 11, 622, 20405, 21978, 523, 27, 26568, 34216, 18, 62606, 27, 32, 10297, 29186, 484, 665, 2273, 261, 7968, 328, 2698, 326, 13571, 13427, 11, 3463, 17625, 11, 6806, 87, 11, 7493, 11, 11065, 11, 326, 3823, 11, 5178, 13, 62606, 27, 30616, 25, 13424, 61043, 16500, 11, 3810, 67587, 138995, 10607, 11, 3810, 67587, 138995, 67826, 11, 3810, 67587, 138995, 44960, 11, 15792, 8330, 523, 27, 39739, 35205, 19, 62606, 27, 32, 10297, 29186, 484, 50847, 306, 57927, 11, 22458, 11, 326, 12323, 19383, 6291, 13, 5551, 11, 480, 6284, 3158, 290, 6179, 316, 3684, 395, 2164, 13, 1843, 290, 5296, 10860, 22752, 20860, 11, 480, 1757, 413, 21254, 316, 15792, 290, 3490, 1934, 5281, 480, 13, 62606, 27, 30616, 25, 15792, 8330, 11, 13424, 123860, 16500, 11, 13424, 61043, 16500, 11, 622, 20405, 21978, 3037, 2900, 105090, 279, 3575, 2804, 622, 290, 4170, 328, 290, 22682, 4596, 484, 481, 2411, 382, 1645, 18777, 328, 5306, 290, 5296, 558, 3335, 2208, 1543, 15921, 4414, 57927, 503, 22458, 11, 326, 290, 1543, 15921, 382, 625, 7168, 316, 50414, 12229, 7124, 350, 68, 1940, 13, 17437, 290, 6179, 936, 481, 1757, 1632, 290, 22682, 4596, 483, 5532, 57927, 503, 22458, 31631, 316, 621, 480, 13, 793, 200007, 200006, 173781, 200005, 17196, 200008, 40200, 456, 78225, 1537, 2337, 461, 39398, 31088, 21, 17352, 200007, 200006, 173781, 316, 28, 44580, 32620, 20405, 21978, 200005, 12606, 815, 5701, 200008, 10848, 456, 78225, 1537, 1243, 392, 39398, 31088, 21, 18583, 200012, 200006, 44580, 32620, 20405, 21978, 316, 28, 173781, 200005, 12606, 815, 200008, 40200, 456, 78225, 1537, 2337, 461, 39398, 31088, 21, 17352, 200007, 200006, 1428, 200008, 3575, 1309, 316, 14975, 290, 5296, 316, 261, 22682, 4596, 558, 976, 3100, 328, 290, 5296, 382, 1402, 2900, 177016, 94272, 290, 1721, 6052, 306, 290, 6011, 25, 392, 976, 2237, 540, 723, 6104, 60, 8754, 395, 945, 306, 220, 1323, 17, 11, 483, 261, 7357, 3911, 328, 723, 10703, 1651, 1092, 2900, 105090, 279, 12253, 553, 1236, 6623, 2164, 1078, 290, 5296, 1402, 27022, 104259, 2694, 99822, 169349, 94270, 14572, 5135, 457, 30637, 52050, 5121, 5436, 7116, 3203, 174789, 11, 21371, 182884, 67758, 13, 19461, 112742, 353, 47176, 8734, 8033, 182884, 30962, 6178, 112742, 7116, 104259, 8734, 8033, 3203, 174789, 558, 2900, 177016, 8505, 198, 2900, 105090, 279, 41463, 382, 290, 2164, 328, 290, 9595, 22682, 15749, 13, 623, 6011, 382, 464, 1240, 62606, 27, 9186, 62606, 27, 69631, 6744, 29, 364, 2900, 177016, 27, 39398, 31088, 21, 62606, 27, 32, 10297, 29186, 484, 665, 3684, 290, 1880, 11, 13424, 53556, 3100, 11, 66687, 10327, 10370, 11, 326, 31053, 12331, 2164, 13, 62606, 27, 30616, 25, 3684, 95334, 11, 3684, 3567, 5368, 11, 3684, 3567, 5368, 3067, 26422, 11, 3684, 81741, 3276, 54968, 5342, 11, 13424, 61043, 16500, 11, 28248, 6236, 11, 3810, 67587, 138995, 44960, 11, 622, 20405, 21978, 523, 27, 26568, 34216, 18, 62606, 27, 32, 10297, 29186, 484, 665, 2273, 261, 7968, 328, 2698, 326, 13571, 13427, 11, 3463, 17625, 11, 6806, 87, 11, 7493, 11, 11065, 11, 326, 3823, 11, 5178, 13, 62606, 27, 30616, 25, 13424, 61043, 16500, 11, 3810, 67587, 138995, 10607, 11, 3810, 67587, 138995, 67826, 11, 3810, 67587, 138995, 44960, 11, 15792, 8330, 523, 27, 39739, 35205, 19, 62606, 27, 32, 10297, 29186, 484, 50847, 306, 57927, 11, 22458, 11, 326, 12323, 19383, 6291, 13, 5551, 11, 480, 6284, 3158, 290, 6179, 316, 3684, 395, 2164, 13, 1843, 290, 5296, 10860, 22752, 20860, 11, 480, 1757, 413, 21254, 316, 15792, 290, 3490, 1934, 5281, 480, 13, 62606, 27, 30616, 25, 15792, 8330, 11, 13424, 123860, 16500, 11, 13424, 61043, 16500, 11, 622, 20405, 21978, 3037, 2900, 105090, 279, 3575, 2804, 622, 290, 4170, 328, 290, 22682, 4596, 484, 481, 2411, 382, 1645, 18777, 328, 5306, 290, 5296, 558, 3335, 2208, 1543, 15921, 4414, 57927, 503, 22458, 11, 326, 290, 1543, 15921, 382, 625, 7168, 316, 50414, 12229, 7124, 350, 68, 1940, 13, 17437, 290, 6179, 936, 481, 1757, 1632, 290, 22682, 4596, 483, 5532, 57927, 503, 22458, 31631, 316, 621, 480, 13, 793, 200007, 200006, 173781, 200005, 35644, 200008, 2167, 1309, 316, 14975, 1721, 6052, 61348, 13, 623, 5296, 382, 316, 3587, 1721, 6052, 4122, 402, 5880, 10331, 13, 1328, 10860, 57927, 326, 14836, 2360, 290, 1238, 4279, 33964, 13, 3004, 620, 6179, 3684, 6118, 13, 2632, 581, 1757, 14975, 316, 57927, 4308, 7148, 18777, 22682, 25, 220, 39739, 35205, 19, 350, 42743, 289, 741, 1225, 1217, 853, 622, 20405, 21978, 4584, 13, 2632, 14975, 316, 220, 39739, 35205, 19, 13, 200007, 200006, 173781, 200005, 17196, 200008, 40200, 456, 78225, 1537, 2337, 461, 39739, 35205, 19, 17352, 200002]"
2476,115,1,[17],"[200006, 17360, 200008, 3575, 553, 17554, 162016, 11, 261, 4410, 6439, 2359, 22203, 656, 7788, 17527, 558, 87447, 100594, 25, 220, 1323, 19, 12, 3218, 198, 6576, 3521, 25, 220, 1323, 21, 12, 3000, 12, 3000, 279, 30377, 289, 25, 14093, 279, 2, 13888, 18403, 25, 8450, 11, 49159, 11, 1721, 13, 21030, 2804, 413, 7360, 395, 1753, 3176, 558, 63446, 316, 1879, 8437, 2804, 810, 316, 290, 49159, 9334, 25, 461, 44580, 6120, 200007, 200006, 77944, 200008, 2, 20574, 279, 877, 9964, 279, 4797, 9964, 95359, 6318, 3322, 483, 261, 10185, 5701, 6011, 558, 2493, 622, 20405, 21978, 314, 11350, 25, 10168, 623, 4170, 328, 290, 41844, 484, 382, 21482, 316, 290, 5296, 16547, 456, 78225, 1537, 25, 1621, 412, 9263, 871, 1062, 502, 92, 602, 9819, 9964, 200007, 200006, 17360, 200008, 3575, 553, 93594, 261, 3566, 328, 13816, 13, 355, 22682, 665, 413, 261, 3566, 328, 19297, 503, 261, 4590, 11793, 13, 11555, 22682, 382, 5371, 316, 17722, 261, 4857, 3675, 328, 5296, 13, 4886, 3349, 6664, 123177, 13638, 316, 261, 9595, 22682, 11, 9278, 261, 620, 22682, 395, 261, 5296, 11, 5178, 13, 200007, 200006, 1428, 200008, 3575, 1309, 316, 14975, 290, 5296, 316, 261, 22682, 4596, 558, 976, 3100, 328, 290, 5296, 382, 1402, 2900, 177016, 5975, 395, 7178, 2237, 7155, 1238, 306, 57606, 5686, 11, 40747, 11, 16515, 395, 290, 20866, 220, 21283, 17, 197588, 62540, 40095, 326, 220, 667, 22, 11036, 78, 27522, 20944, 11, 316, 1646, 842, 1118, 2237, 8754, 395, 945, 306, 220, 1323, 17, 558, 2900, 105090, 279, 12253, 553, 1236, 6623, 2164, 1078, 290, 5296, 1402, 27022, 104259, 2694, 99822, 169349, 94270, 14572, 5135, 457, 30637, 52050, 5121, 5436, 7116, 3203, 174789, 11, 21371, 182884, 67758, 13, 19461, 112742, 353, 47176, 8734, 8033, 182884, 30962, 6178, 112742, 7116, 104259, 8734, 8033, 3203, 174789, 558, 2900, 177016, 8505, 198, 2900, 105090, 279, 41463, 382, 290, 2164, 328, 290, 9595, 22682, 15749, 13, 623, 6011, 382, 464, 1240, 62606, 27, 9186, 62606, 27, 69631, 6744, 29, 364, 2900, 177016, 27, 39398, 31088, 21, 62606, 27, 32, 10297, 29186, 484, 665, 3684, 290, 1880, 11, 13424, 53556, 3100, 11, 66687, 10327, 10370, 11, 326, 31053, 12331, 2164, 13, 62606, 27, 30616, 25, 3684, 95334, 11, 3684, 3567, 5368, 11, 3684, 3567, 5368, 3067, 26422, 11, 3684, 81741, 3276, 54968, 5342, 11, 13424, 61043, 16500, 11, 28248, 6236, 11, 3810, 67587, 138995, 44960, 523, 27, 26568, 34216, 18, 62606, 27, 32, 10297, 29186, 484, 665, 2273, 261, 7968, 328, 2698, 326, 13571, 13427, 11, 3463, 17625, 11, 6806, 87, 11, 7493, 11, 11065, 11, 326, 3823, 11, 5178, 13, 62606, 27, 30616, 25, 13424, 61043, 16500, 11, 3810, 67587, 138995, 10607, 11, 3810, 67587, 138995, 67826, 11, 3810, 67587, 138995, 44960, 11, 15792, 8330, 523, 27, 39739, 35205, 19, 62606, 27, 32, 10297, 29186, 484, 50847, 306, 57927, 11, 22458, 11, 326, 12323, 19383, 6291, 13, 5551, 11, 480, 6284, 3158, 290, 6179, 316, 3684, 395, 2164, 13, 1843, 290, 5296, 10860, 22752, 20860, 11, 480, 1757, 413, 21254, 316, 15792, 290, 3490, 1934, 5281, 480, 13, 62606, 27, 30616, 25, 15792, 8330, 11, 13424, 123860, 16500, 11, 13424, 61043, 16500, 3037, 2900, 105090, 279, 3575, 2804, 622, 290, 4170, 328, 290, 22682, 4596, 484, 481, 2411, 382, 1645, 18777, 328, 5306, 290, 5296, 558, 3335, 2208, 1543, 15921, 4414, 57927, 503, 22458, 11, 326, 290, 1543, 15921, 382, 625, 7168, 316, 50414, 12229, 7124, 350, 68, 1940, 13, 17437, 290, 6179, 936, 481, 1757, 1632, 290, 22682, 4596, 483, 5532, 57927, 503, 22458, 31631, 316, 621, 480, 13, 793, 200007, 200006, 173781, 200005, 17196, 200008, 40200, 456, 78225, 1537, 2337, 461, 39398, 31088, 21, 17352, 200007, 200006, 173781, 316, 28, 44580, 32620, 20405, 21978, 200005, 12606, 815, 5701, 200008, 10848, 456, 78225, 1537, 1243, 392, 39398, 31088, 21, 18583, 200012, 200006, 44580, 32620, 20405, 21978, 316, 28, 173781, 200005, 12606, 815, 200008, 40200, 456, 78225, 1537, 2337, 461, 39398, 31088, 21, 17352, 200007, 200006, 1428, 200008, 3575, 1309, 316, 14975, 290, 5296, 316, 261, 22682, 4596, 558, 976, 3100, 328, 290, 5296, 382, 1402, 2900, 177016, 33282, 290, 7357, 8451, 395, 2973, 220, 21283, 17, 197588, 62540, 40095, 326, 220, 667, 22, 11036, 78, 27522, 20944, 591, 290, 3684, 4376, 11, 26386, 290, 8451, 553, 13392, 2935, 179663, 503, 26964, 9610, 558, 2900, 105090, 279, 12253, 553, 1236, 6623, 2164, 1078, 290, 5296, 1402, 27022, 104259, 2694, 99822, 169349, 94270, 14572, 5135, 457, 30637, 52050, 5121, 5436, 7116, 3203, 174789, 11, 21371, 182884, 67758, 13, 19461, 112742, 353, 47176, 8734, 8033, 182884, 30962, 6178, 112742, 7116, 104259, 8734, 8033, 3203, 174789, 558, 2900, 177016, 8505, 198, 2900, 105090, 279, 41463, 382, 290, 2164, 328, 290, 9595, 22682, 15749, 13, 623, 6011, 382, 464, 1240, 62606, 27, 9186, 62606, 27, 69631, 6744, 29, 364, 2900, 177016, 27, 39398, 31088, 21, 62606, 27, 32, 10297, 29186, 484, 665, 3684, 290, 1880, 11, 13424, 53556, 3100, 11, 66687, 10327, 10370, 11, 326, 31053, 12331, 2164, 13, 62606, 27, 30616, 25, 3684, 95334, 11, 3684, 3567, 5368, 11, 3684, 3567, 5368, 3067, 26422, 11, 3684, 81741, 3276, 54968, 5342, 11, 13424, 61043, 16500, 11, 28248, 6236, 11, 3810, 67587, 138995, 44960, 11, 622, 20405, 21978, 523, 27, 26568, 34216, 18, 62606, 27, 32, 10297, 29186, 484, 665, 2273, 261, 7968, 328, 2698, 326, 13571, 13427, 11, 3463, 17625, 11, 6806, 87, 11, 7493, 11, 11065, 11, 326, 3823, 11, 5178, 13, 62606, 27, 30616, 25, 13424, 61043, 16500, 11, 3810, 67587, 138995, 10607, 11, 3810, 67587, 138995, 67826, 11, 3810, 67587, 138995, 44960, 11, 15792, 8330, 523, 27, 39739, 35205, 19, 62606, 27, 32, 10297, 29186, 484, 50847, 306, 57927, 11, 22458, 11, 326, 12323, 19383, 6291, 13, 5551, 11, 480, 6284, 3158, 290, 6179, 316, 3684, 395, 2164, 13, 1843, 290, 5296, 10860, 22752, 20860, 11, 480, 1757, 413, 21254, 316, 15792, 290, 3490, 1934, 5281, 480, 13, 62606, 27, 30616, 25, 15792, 8330, 11, 13424, 123860, 16500, 11, 13424, 61043, 16500, 3037, 2900, 105090, 279, 3575, 2804, 622, 290, 4170, 328, 290, 22682, 4596, 484, 481, 2411, 382, 1645, 18777, 328, 5306, 290, 5296, 558, 3335, 2208, 1543, 15921, 4414, 57927, 503, 22458, 11, 326, 290, 1543, 15921, 382, 625, 7168, 316, 50414, 12229, 7124, 350, 68, 1940, 13, 17437, 290, 6179, 936, 481, 1757, 1632, 290, 22682, 4596, 483, 5532, 57927, 503, 22458, 31631, 316, 621, 480, 13, 793, 200007, 200006, 1428, 200008, 8256, 36180, 290, 1114, 622, 20405, 21978, 316, 8866, 634, 4733, 13, 200007, 200006, 173781, 200005, 17196, 200008, 40200, 456, 78225, 1537, 2337, 461, 39398, 31088, 21, 17352, 200007, 200006, 173781, 316, 28, 44580, 32620, 20405, 21978, 200005, 12606, 815, 5701, 200008, 10848, 456, 78225, 1537, 1243, 392, 39398, 31088, 21, 18583, 200012, 200006, 44580, 32620, 20405, 21978, 316, 28, 173781, 200005, 12606, 815, 200008, 40200, 456, 78225, 1537, 2337, 461, 39398, 31088, 21, 17352, 200007, 200006, 1428, 200008, 3575, 1309, 316, 14975, 290, 5296, 316, 261, 22682, 4596, 558, 976, 3100, 328, 290, 5296, 382, 1402, 2900, 177016, 24973, 290, 7357, 8451, 328, 290, 1920, 12668, 316, 11433, 1118, 1001, 8754, 395, 945, 306, 220, 1323, 17, 558, 2900, 105090, 279, 12253, 553, 1236, 6623, 2164, 1078, 290, 5296, 1402, 27022, 104259, 2694, 99822, 169349, 94270, 14572, 5135, 457, 30637, 52050, 5121, 5436, 7116, 3203, 174789, 11, 21371, 182884, 67758, 13, 19461, 112742, 353, 47176, 8734, 8033, 182884, 30962, 6178, 112742, 7116, 104259, 8734, 8033, 3203, 174789, 558, 2900, 177016, 8505, 198, 2900, 105090, 279, 41463, 382, 290, 2164, 328, 290, 9595, 22682, 15749, 13, 623, 6011, 382, 464, 1240, 62606, 27, 9186, 62606, 27, 69631, 6744, 29, 364, 2900, 177016, 27, 39398, 31088, 21, 62606, 27, 32, 10297, 29186, 484, 665, 3684, 290, 1880, 11, 13424, 53556, 3100, 11, 66687, 10327, 10370, 11, 326, 31053, 12331, 2164, 13, 62606, 27, 30616, 25, 3684, 95334, 11, 3684, 3567, 5368, 11, 3684, 3567, 5368, 3067, 26422, 11, 3684, 81741, 3276, 54968, 5342, 11, 13424, 61043, 16500, 11, 28248, 6236, 11, 3810, 67587, 138995, 44960, 11, 622, 20405, 21978, 523, 27, 26568, 34216, 18, 62606, 27, 32, 10297, 29186, 484, 665, 2273, 261, 7968, 328, 2698, 326, 13571, 13427, 11, 3463, 17625, 11, 6806, 87, 11, 7493, 11, 11065, 11, 326, 3823, 11, 5178, 13, 62606, 27, 30616, 25, 13424, 61043, 16500, 11, 3810, 67587, 138995, 10607, 11, 3810, 67587, 138995, 67826, 11, 3810, 67587, 138995, 44960, 11, 15792, 8330, 523, 27, 39739, 35205, 19, 62606, 27, 32, 10297, 29186, 484, 50847, 306, 57927, 11, 22458, 11, 326, 12323, 19383, 6291, 13, 5551, 11, 480, 6284, 3158, 290, 6179, 316, 3684, 395, 2164, 13, 1843, 290, 5296, 10860, 22752, 20860, 11, 480, 1757, 413, 21254, 316, 15792, 290, 3490, 1934, 5281, 480, 13, 62606, 27, 30616, 25, 15792, 8330, 11, 13424, 123860, 16500, 11, 13424, 61043, 16500, 3037, 2900, 105090, 279, 3575, 2804, 622, 290, 4170, 328, 290, 22682, 4596, 484, 481, 2411, 382, 1645, 18777, 328, 5306, 290, 5296, 558, 3335, 2208, 1543, 15921, 4414, 57927, 503, 22458, 11, 326, 290, 1543, 15921, 382, 625, 7168, 316, 50414, 12229, 7124, 350, 68, 1940, 13, 17437, 290, 6179, 936, 481, 1757, 1632, 290, 22682, 4596, 483, 5532, 57927, 503, 22458, 31631, 316, 621, 480, 13, 793, 200007, 200006, 173781, 200005, 17196, 200008, 40200, 456, 78225, 1537, 2337, 461, 39739, 35205, 19, 17352, 200007, 200006, 173781, 316, 28, 44580, 32620, 20405, 21978, 200005, 12606, 815, 5701, 200008, 10848, 456, 78225, 1537, 1243, 392, 39739, 35205, 19, 18583, 200012, 200006, 44580, 32620, 20405, 21978, 316, 28, 173781, 200005, 12606, 815, 200008, 40200, 456, 78225, 1537, 2337, 461, 39739, 35205, 19, 17352, 200007, 200006, 1428, 200008, 3575, 1309, 316, 14975, 290, 5296, 316, 261, 22682, 4596, 558, 976, 3100, 328, 290, 5296, 382, 1402, 2900, 177016, 37762, 290, 7357, 8451, 326, 19211, 1534, 2360, 448, 13319, 4256, 503, 2595, 316, 6757, 18580, 558, 2900, 105090, 279, 12253, 553, 1236, 6623, 2164, 1078, 290, 5296, 1402, 27022, 104259, 2694, 99822, 169349, 94270, 14572, 5135, 457, 30637, 52050, 5121, 5436, 7116, 3203, 174789, 11, 21371, 182884, 67758, 13, 19461, 112742, 353, 47176, 8734, 8033, 182884, 30962, 6178, 112742, 7116, 104259, 8734, 8033, 3203, 174789, 558, 2900, 177016, 8505, 198, 2900, 105090, 279, 41463, 382, 290, 2164, 328, 290, 9595, 22682, 15749, 13, 623, 6011, 382, 464, 1240, 62606, 27, 9186, 62606, 27, 69631, 6744, 29, 364, 2900, 177016, 27, 39398, 31088, 21, 62606, 27, 32, 10297, 29186, 484, 665, 3684, 290, 1880, 11, 13424, 53556, 3100, 11, 66687, 10327, 10370, 11, 326, 31053, 12331, 2164, 13, 62606, 27, 30616, 25, 3684, 95334, 11, 3684, 3567, 5368, 11, 3684, 3567, 5368, 3067, 26422, 11, 3684, 81741, 3276, 54968, 5342, 11, 13424, 61043, 16500, 11, 28248, 6236, 11, 3810, 67587, 138995, 44960, 11, 622, 20405, 21978, 523, 27, 26568, 34216, 18, 62606, 27, 32, 10297, 29186, 484, 665, 2273, 261, 7968, 328, 2698, 326, 13571, 13427, 11, 3463, 17625, 11, 6806, 87, 11, 7493, 11, 11065, 11, 326, 3823, 11, 5178, 13, 62606, 27, 30616, 25, 13424, 61043, 16500, 11, 3810, 67587, 138995, 10607, 11, 3810, 67587, 138995, 67826, 11, 3810, 67587, 138995, 44960, 11, 15792, 8330, 523, 27, 39739, 35205, 19, 62606, 27, 32, 10297, 29186, 484, 50847, 306, 57927, 11, 22458, 11, 326, 12323, 19383, 6291, 13, 5551, 11, 480, 6284, 3158, 290, 6179, 316, 3684, 395, 2164, 13, 1843, 290, 5296, 10860, 22752, 20860, 11, 480, 1757, 413, 21254, 316, 15792, 290, 3490, 1934, 5281, 480, 13, 62606, 27, 30616, 25, 15792, 8330, 11, 13424, 123860, 16500, 11, 13424, 61043, 16500, 11, 622, 20405, 21978, 3037, 2900, 105090, 279, 3575, 2804, 622, 290, 4170, 328, 290, 22682, 4596, 484, 481, 2411, 382, 1645, 18777, 328, 5306, 290, 5296, 558, 3335, 2208, 1543, 15921, 4414, 57927, 503, 22458, 11, 326, 290, 1543, 15921, 382, 625, 7168, 316, 50414, 12229, 7124, 350, 68, 1940, 13, 17437, 290, 6179, 936, 481, 1757, 1632, 290, 22682, 4596, 483, 5532, 57927, 503, 22458, 31631, 316, 621, 480, 13, 793, 200007, 200006, 173781, 200005, 17196, 200008, 40200, 456, 78225, 1537, 2337, 461, 39398, 31088, 21, 17352, 200007, 200006, 173781, 316, 28, 44580, 32620, 20405, 21978, 200005, 12606, 815, 5701, 200008, 10848, 456, 78225, 1537, 1243, 392, 39398, 31088, 21, 18583, 200012, 200006, 44580, 32620, 20405, 21978, 316, 28, 173781, 200005, 12606, 815, 200008, 40200, 456, 78225, 1537, 2337, 461, 39398, 31088, 21, 17352, 200007, 200006, 1428, 200008, 3575, 1309, 316, 14975, 290, 5296, 316, 261, 22682, 4596, 558, 976, 3100, 328, 290, 5296, 382, 1402, 2900, 177016, 94272, 290, 1721, 6052, 306, 290, 6011, 25, 392, 976, 2237, 540, 723, 6104, 60, 8754, 395, 945, 306, 220, 1323, 17, 11, 483, 261, 7357, 3911, 328, 723, 10703, 1651, 1092, 2900, 105090, 279, 12253, 553, 1236, 6623, 2164, 1078, 290, 5296, 1402, 27022, 104259, 2694, 99822, 169349, 94270, 14572, 5135, 457, 30637, 52050, 5121, 5436, 7116, 3203, 174789, 11, 21371, 182884, 67758, 13, 19461, 112742, 353, 47176, 8734, 8033, 182884, 30962, 6178, 112742, 7116, 104259, 8734, 8033, 3203, 174789, 558, 2900, 177016, 8505, 198, 2900, 105090, 279, 41463, 382, 290, 2164, 328, 290, 9595, 22682, 15749, 13, 623, 6011, 382, 464, 1240, 62606, 27, 9186, 62606, 27, 69631, 6744, 29, 364, 2900, 177016, 27, 39398, 31088, 21, 62606, 27, 32, 10297, 29186, 484, 665, 3684, 290, 1880, 11, 13424, 53556, 3100, 11, 66687, 10327, 10370, 11, 326, 31053, 12331, 2164, 13, 62606, 27, 30616, 25, 3684, 95334, 11, 3684, 3567, 5368, 11, 3684, 3567, 5368, 3067, 26422, 11, 3684, 81741, 3276, 54968, 5342, 11, 13424, 61043, 16500, 11, 28248, 6236, 11, 3810, 67587, 138995, 44960, 11, 622, 20405, 21978, 523, 27, 26568, 34216, 18, 62606, 27, 32, 10297, 29186, 484, 665, 2273, 261, 7968, 328, 2698, 326, 13571, 13427, 11, 3463, 17625, 11, 6806, 87, 11, 7493, 11, 11065, 11, 326, 3823, 11, 5178, 13, 62606, 27, 30616, 25, 13424, 61043, 16500, 11, 3810, 67587, 138995, 10607, 11, 3810, 67587, 138995, 67826, 11, 3810, 67587, 138995, 44960, 11, 15792, 8330, 523, 27, 39739, 35205, 19, 62606, 27, 32, 10297, 29186, 484, 50847, 306, 57927, 11, 22458, 11, 326, 12323, 19383, 6291, 13, 5551, 11, 480, 6284, 3158, 290, 6179, 316, 3684, 395, 2164, 13, 1843, 290, 5296, 10860, 22752, 20860, 11, 480, 1757, 413, 21254, 316, 15792, 290, 3490, 1934, 5281, 480, 13, 62606, 27, 30616, 25, 15792, 8330, 11, 13424, 123860, 16500, 11, 13424, 61043, 16500, 11, 622, 20405, 21978, 3037, 2900, 105090, 279, 3575, 2804, 622, 290, 4170, 328, 290, 22682, 4596, 484, 481, 2411, 382, 1645, 18777, 328, 5306, 290, 5296, 558, 3335, 2208, 1543, 15921, 4414, 57927, 503, 22458, 11, 326, 290, 1543, 15921, 382, 625, 7168, 316, 50414, 12229, 7124, 350, 68, 1940, 13, 17437, 290, 6179, 936, 481, 1757, 1632, 290, 22682, 4596, 483, 5532, 57927, 503, 22458, 31631, 316, 621, 480, 13, 793, 200007, 200006, 1428, 200008, 8256, 36180, 290, 1114, 622, 20405, 21978, 316, 8866, 634, 4733, 13, 200007, 200006, 173781, 200005, 35644, 200008, 2167, 1309, 316, 14975, 1721, 6052, 13986, 13, 1328, 382, 261, 57927, 5296, 11, 625, 39241, 6179, 13, 623, 7357, 3911, 1238, 82769, 4279, 48182, 326, 11223, 13, 623, 1721, 6052, 382, 261, 4705, 9710, 13, 3004, 1309, 395, 6179, 13, 2632, 1636, 22682, 382, 57927, 4308, 7148, 25, 220, 39739, 35205, 19, 13, 1225, 1217, 853, 622, 20405, 21978, 4584, 13, 2632, 14975, 316, 220, 39739, 35205, 19, 13, 200007, 200006, 173781, 200005, 17196, 200008, 40200, 456, 78225, 1537, 2337, 461, 39739, 35205, 19, 17352, 200007, 200006, 173781, 200005, 12606, 815, 316, 28, 44580, 32620, 20405, 21978, 220, 200003, 4108, 200008, 10848, 456, 78225, 1537, 7534, 39739, 35205, 19, 18583, 200012]"
1365,137,3,[18],"[200006, 17360, 200008, 3575, 553, 17554, 162016, 11, 261, 4410, 6439, 2359, 22203, 656, 7788, 17527, 558, 87447, 100594, 25, 220, 1323, 19, 12, 3218, 198, 6576, 3521, 25, 220, 1323, 21, 12, 3000, 12, 3000, 279, 30377, 289, 25, 14093, 279, 2, 13888, 18403, 25, 8450, 11, 49159, 11, 1721, 13, 21030, 2804, 413, 7360, 395, 1753, 3176, 558, 63446, 316, 1879, 8437, 2804, 810, 316, 290, 49159, 9334, 25, 461, 44580, 6120, 200007, 200006, 77944, 200008, 2, 20574, 279, 877, 9964, 279, 4797, 9964, 95359, 43223, 261, 4335, 3490, 88814, 558, 2493, 15792, 8330, 314, 11350, 25, 10168, 623, 3422, 3490, 316, 290, 9441, 172276, 4584, 2421, 558, 3056, 25, 1621, 20046, 122837, 395, 21398, 3056, 26178, 350, 25231, 7015, 1199, 495, 1308, 6294, 3252, 25, 1621, 412, 9263, 871, 1062, 20544, 39239, 14633, 4206, 2164, 591, 448, 24151, 1974, 11, 3463, 198, 393, 7598, 33341, 558, 2493, 13424, 123860, 16500, 314, 11350, 25, 10168, 623, 3104, 328, 290, 24151, 1974, 558, 11557, 5558, 25, 1621, 412, 9263, 871, 1062, 20544, 39239, 290, 3100, 328, 261, 4335, 3213, 350, 267, 4666, 8, 326, 622, 290, 23478, 2201, 7621, 1225, 1340, 6690, 842, 1236, 2164, 11, 20547, 306, 94365, 3100, 558, 2493, 13424, 61043, 16500, 314, 11350, 25, 10168, 623, 3104, 328, 290, 3213, 316, 413, 23478, 11, 4784, 261, 2698, 3104, 503, 261, 9206, 13, 1225, 665, 2273, 3621, 11, 11065, 6291, 11, 16216, 6291, 326, 146872, 11, 5178, 558, 11557, 5558, 25, 1621, 20046, 623, 5703, 316, 413, 2061, 395, 104762, 290, 3100, 13, 1843, 290, 3100, 382, 3101, 1701, 11, 290, 5703, 738, 413, 2061, 316, 11410, 1118, 997, 8895, 290, 12331, 2164, 350, 9995, 460, 2971, 741, 623, 5703, 1757, 413, 20434, 483, 290, 2208, 5296, 558, 2975, 25, 1621, 412, 9263, 871, 1062, 20544, 6318, 3322, 483, 261, 10185, 5701, 6011, 558, 2493, 622, 20405, 21978, 314, 11350, 25, 10168, 623, 1534, 328, 290, 5296, 16547, 3252, 25, 1621, 20046, 40343, 34700, 5588, 290, 5296, 12323, 9363, 16547, 33814, 25, 3870, 412, 9263, 871, 1062, 502, 92, 602, 9819, 9964, 200007, 200006, 17360, 200008, 3575, 553, 261, 10297, 29186, 484, 50847, 306, 57927, 326, 22458, 11, 326, 665, 2411, 5983, 656, 5983, 316, 17722, 290, 5296, 13, 4296, 8155, 11, 481, 665, 5067, 22752, 3490, 316, 17722, 290, 5296, 13, 1843, 481, 679, 7582, 3490, 11, 621, 625, 13814, 316, 15792, 290, 3490, 13, 28741, 10419, 17913, 1299, 461, 18582, 3490, 787, 634, 3490, 1757, 413, 3741, 316, 9637, 17722, 290, 5296, 13, 1608, 665, 1217, 48255, 7598, 34098, 11, 2238, 472, 13782, 11, 29365, 73795, 11, 322, 11, 41942, 11, 5178, 11, 316, 17722, 290, 5296, 13, 2214, 12323, 19383, 6291, 11, 481, 1757, 5067, 17913, 316, 2273, 1373, 13, 200007, 200006, 1428, 200008, 2167, 553, 37367, 261, 8012, 5296, 11, 326, 581, 679, 12648, 290, 5296, 1511, 4919, 25091, 9523, 558, 1944, 3575, 1309, 316, 2273, 1001, 4335, 5296, 13, 19666, 19429, 484, 290, 4792, 382, 3975, 123669, 13, 623, 6052, 2226, 4310, 13, 1843, 481, 8535, 17722, 290, 5296, 11, 4843, 12886, 290, 5207, 326, 290, 1534, 481, 679, 23088, 306, 10851, 558, 976, 3100, 328, 290, 5296, 484, 481, 1309, 316, 621, 382, 1402, 27, 15921, 523, 94272, 290, 1721, 6052, 306, 290, 6011, 25, 392, 976, 2237, 540, 723, 6104, 60, 8754, 395, 945, 306, 220, 1323, 17, 11, 483, 261, 7357, 3911, 328, 723, 10703, 1651, 1092, 808, 15921, 523, 1944, 12253, 382, 290, 10705, 5296, 395, 9682, 11, 1118, 8895, 1236, 10297, 2164, 484, 665, 1652, 481, 17722, 290, 5296, 1402, 27, 159046, 27167, 523, 40, 4572, 9791, 1078, 14279, 922, 2237, 11, 813, 357, 1682, 316, 4484, 945, 1078, 1495, 12668, 306, 922, 3624, 8754, 8422, 13, 357, 4561, 306, 57606, 5686, 11, 40747, 11, 1118, 382, 402, 290, 18149, 328, 532, 30761, 13, 357, 1761, 1920, 12668, 5862, 668, 484, 8754, 306, 220, 1323, 17, 1504, 220, 21283, 17, 197588, 62540, 40095, 11, 326, 220, 667, 22, 11036, 78, 27522, 20944, 13, 9764, 1118, 328, 2617, 12668, 8754, 395, 945, 306, 220, 1323, 17, 11, 326, 5485, 668, 1495, 2009, 480, 8754, 395, 13, 6070, 1573, 3006, 179663, 503, 26964, 9610, 306, 290, 6052, 558, 808, 159046, 27167, 3037, 12253, 553, 4376, 328, 1236, 141483, 4376, 484, 481, 665, 6716, 316, 350, 6857, 538, 1354, 553, 860, 141483, 4376, 15626, 27, 134568, 31049, 6744, 523, 976, 2237, 540, 220, 21283, 17, 197588, 62540, 40095, 306, 57606, 5686, 11, 40747, 11, 8754, 395, 548, 16, 11, 9659, 11, 1302, 306, 220, 1323, 17, 13, 623, 2237, 540, 220, 667, 22, 11036, 78, 27522, 20944, 8754, 395, 548, 9752, 11, 1302, 306, 220, 1323, 17, 13, 19233, 11, 290, 2237, 540, 220, 21283, 17, 197588, 62540, 40095, 8754, 395, 945, 306, 220, 1323, 17, 364, 12, 220, 21283, 17, 197588, 62540, 40095, 25, 548, 16, 11, 9659, 11, 1302, 198, 12, 220, 667, 22, 11036, 78, 27522, 20944, 25, 548, 9752, 11, 1302, 198, 976, 7357, 8451, 395, 290, 12668, 553, 4279, 5181, 306, 290, 50228, 4376, 1402, 12, 220, 21283, 17, 197588, 62540, 40095, 25, 548, 16, 11, 9659, 11, 1302, 198, 12, 220, 667, 22, 11036, 78, 27522, 20944, 25, 548, 9752, 11, 1302, 279, 1385, 3333, 1879, 8451, 2935, 179663, 503, 26964, 9610, 1402, 12, 220, 21283, 17, 197588, 62540, 40095, 25, 220, 15970, 1302, 15, 198, 12, 220, 667, 22, 11036, 78, 27522, 20944, 25, 220, 9752, 1302, 198, 21283, 17, 197588, 62540, 40095, 8754, 395, 945, 306, 220, 1323, 17, 11, 540, 220, 15970, 1302, 15, 558, 40, 679, 29313, 290, 7357, 8451, 328, 290, 1920, 12668, 2360, 134333, 472, 448, 13319, 4256, 1402, 16, 13, 6240, 21283, 17, 197588, 62540, 40095, 11, 57606, 5686, 11, 40747, 410, 25, 623, 2237, 8754, 395, 548, 16, 11, 9659, 11, 1302, 306, 220, 1323, 17, 13, 1328, 15248, 290, 2164, 5181, 306, 290, 50228, 4376, 364, 17, 13, 6240, 667, 22, 11036, 78, 27522, 20944, 11, 57606, 5686, 11, 40747, 410, 25, 623, 2237, 8754, 395, 548, 16, 11, 23150, 11, 1302, 306, 220, 1323, 18, 13, 5551, 11, 290, 50228, 4376, 13808, 261, 7357, 3911, 328, 548, 9752, 11, 1302, 306, 220, 1323, 17, 13, 1225, 7890, 1354, 3572, 413, 261, 173834, 306, 290, 1284, 503, 290, 7357, 3911, 364, 28326, 402, 290, 29313, 2164, 591, 134333, 11, 290, 2237, 540, 220, 21283, 17, 197588, 62540, 40095, 8754, 395, 945, 1572, 290, 2237, 540, 220, 667, 22, 11036, 78, 27522, 20944, 13, 623, 7357, 3911, 395, 220, 21283, 17, 197588, 62540, 40095, 382, 19312, 472, 220, 15970, 1302, 15, 350, 55931, 179663, 503, 26964, 9610, 3991, 976, 173834, 395, 220, 667, 22, 11036, 78, 27522, 20944, 23379, 484, 4784, 290, 1284, 503, 290, 7357, 3911, 3572, 679, 1339, 4694, 181697, 306, 290, 50228, 4376, 13, 19805, 20606, 1511, 290, 6354, 7357, 4878, 395, 220, 1323, 17, 3572, 413, 6118, 316, 14062, 495, 173834, 364, 808, 134568, 31049, 6744, 3037, 12253, 553, 1236, 6623, 2164, 1078, 290, 5296, 350, 7393, 395, 9682, 11, 326, 1340, 413, 8213, 1883, 27, 69631, 6744, 523, 8505, 198, 808, 69631, 6744, 3037, 10620, 4843, 9637, 48255, 290, 2164, 5151, 11, 2075, 634, 1636, 316, 48255, 290, 9595, 4376, 326, 634, 2839, 8437, 316, 17722, 290, 2208, 5296, 364, 3335, 481, 1309, 316, 5067, 3490, 11, 3779, 10419, 3490, 1299, 392, 18582, 3490, 672, 634, 3490, 1757, 413, 9141, 150488, 326, 3741, 316, 9637, 17722, 290, 5296, 13, 6311, 5281, 290, 3490, 11, 481, 2804, 15792, 290, 3490, 558, 3335, 481, 553, 2966, 316, 2273, 2698, 6291, 11, 481, 1757, 45615, 8633, 722, 290, 23478, 1974, 3104, 350, 58447, 48182, 6291, 306, 16216, 6291, 8, 306, 634, 6052, 316, 1632, 1273, 13816, 1761, 1919, 316, 1646, 290, 1974, 558, 3335, 481, 1646, 290, 1543, 15921, 382, 328, 860, 1652, 316, 5533, 290, 10705, 5296, 4122, 402, 290, 2164, 481, 20480, 11, 481, 1757, 1520, 290, 1543, 15921, 9363, 11, 326, 622, 634, 38415, 395, 290, 2613, 5983, 13, 350, 68, 1940, 13, 481, 553, 7747, 316, 13424, 290, 3100, 328, 290, 3213, 11, 889, 290, 3213, 382, 3101, 1701, 13, 1225, 382, 3432, 316, 5067, 22752, 3490, 316, 2273, 480, 8, 200007, 200006, 173781, 200005, 35644, 200008, 2167, 1309, 316, 3587, 1721, 6052, 25, 392, 976, 2237, 540, 723, 6104, 60, 8754, 395, 945, 306, 220, 1323, 17, 11, 483, 261, 7357, 3911, 328, 723, 10703, 1651, 2678, 3879, 50228, 4376, 11, 220, 21283, 17, 197588, 62540, 40095, 8754, 395, 220, 15970, 1302, 15, 11, 220, 667, 22, 11036, 78, 27522, 20944, 8754, 395, 220, 9752, 1302, 306, 220, 1323, 17, 13, 2632, 6052, 25, 623, 2237, 540, 220, 21283, 17, 197588, 62540, 40095, 8754, 395, 945, 306, 220, 1323, 17, 11, 483, 261, 7357, 3911, 328, 220, 15970, 1302, 15, 364, 13718, 3239, 6011, 9707, 13, 200007, 200006, 173781, 200005, 17196, 200008, 976, 2237, 540, 220, 21283, 17, 197588, 62540, 40095, 8754, 395, 945, 306, 220, 1323, 17, 11, 483, 261, 7357, 3911, 328, 220, 15970, 1302, 15, 13, 200002]"
2319,31,0,[19],"[200006, 77944, 200008, 2, 68406, 279, 3575, 553, 2966, 316, 43360, 326, 334, 65322, 13638, 364, 200007, 200006, 1428, 200008, 3575, 1309, 316, 12648, 290, 4335, 5296, 1511, 793, 3834, 53299, 7065, 316, 290, 13816, 2839, 306, 290, 3566, 558, 976, 3100, 328, 290, 5296, 382, 1402, 2900, 177016, 40, 4572, 9791, 1078, 14279, 922, 2237, 11, 813, 357, 1682, 316, 4484, 945, 1078, 1495, 12668, 306, 922, 3624, 8754, 8422, 13, 357, 4561, 306, 57606, 5686, 11, 40747, 11, 1118, 382, 402, 290, 18149, 328, 532, 30761, 13, 357, 1761, 1920, 12668, 5862, 668, 484, 8754, 306, 220, 1323, 17, 1504, 220, 21283, 17, 197588, 62540, 40095, 11, 326, 220, 667, 22, 11036, 78, 27522, 20944, 13, 9764, 1118, 328, 2617, 12668, 8754, 395, 945, 306, 220, 1323, 17, 11, 326, 5485, 668, 1495, 2009, 480, 8754, 395, 13, 6070, 1573, 3006, 179663, 503, 26964, 9610, 306, 290, 6052, 558, 2900, 105090, 279, 5632, 553, 1236, 6623, 2164, 1078, 290, 5296, 1402, 27022, 104259, 2694, 99822, 169349, 94270, 14572, 5135, 457, 30637, 52050, 5121, 5436, 7116, 3203, 174789, 11, 21371, 182884, 67758, 13, 19461, 112742, 353, 47176, 8734, 8033, 182884, 30962, 6178, 112742, 7116, 104259, 8734, 8033, 3203, 174789, 558, 2900, 177016, 8505, 198, 2900, 105090, 279, 41463, 553, 290, 2839, 13816, 11, 4335, 306, 290, 6011, 464, 1240, 62606, 464, 9186, 29, 364, 2900, 177016, 27, 39398, 31088, 21, 62606, 27, 32, 10297, 29186, 484, 665, 3684, 290, 1880, 11, 13424, 53556, 3100, 11, 66687, 10327, 10370, 11, 326, 31053, 12331, 2164, 13, 62606, 27, 30616, 25, 3684, 95334, 11, 3684, 3567, 5368, 11, 3684, 3567, 5368, 3067, 26422, 11, 3684, 81741, 3276, 54968, 5342, 11, 13424, 61043, 16500, 11, 28248, 6236, 11, 3810, 67587, 138995, 44960, 523, 27, 26568, 34216, 18, 62606, 27, 32, 10297, 29186, 484, 665, 2273, 261, 7968, 328, 2698, 326, 13571, 13427, 11, 3463, 17625, 11, 6806, 87, 11, 7493, 11, 11065, 11, 326, 3823, 11, 5178, 13, 62606, 27, 30616, 25, 13424, 61043, 16500, 11, 3810, 67587, 138995, 10607, 11, 3810, 67587, 138995, 67826, 11, 3810, 67587, 138995, 44960, 11, 15792, 8330, 523, 27, 39739, 35205, 19, 62606, 27, 32, 10297, 29186, 484, 50847, 306, 57927, 11, 22458, 11, 326, 12323, 19383, 6291, 13, 5551, 11, 480, 6284, 3158, 290, 6179, 316, 3684, 395, 2164, 13, 1843, 290, 5296, 10860, 22752, 20860, 11, 480, 1757, 413, 21254, 316, 15792, 290, 3490, 1934, 5281, 480, 13, 62606, 27, 30616, 25, 15792, 8330, 11, 13424, 123860, 16500, 11, 13424, 61043, 16500, 3037, 2900, 105090, 279, 3575, 2804, 622, 290, 25091, 9523, 306, 290, 6011, 328, 261, 93194, 1562, 3518, 464, 53299, 29, 16613, 11, 472, 10147, 4895, 1402, 27, 53299, 523, 27, 15921, 29, 3638, 15921, 220, 16, 808, 15921, 523, 27, 15921, 29, 3638, 15921, 220, 17, 808, 15921, 523, 808, 53299, 3037, 637, 290, 1721, 1543, 15921, 11, 481, 1757, 45615, 7118, 290, 4756, 4792, 1511, 261, 3582, 6011, 316, 1632, 290, 11793, 316, 1520, 290, 1721, 6052, 1078, 290, 4756, 4792, 558, 18683, 11, 538, 261, 5296, 10860, 57927, 503, 3490, 13986, 326, 2226, 625, 25222, 402, 12229, 7124, 350, 68, 1940, 4213, 1880, 3684, 936, 13460, 7116, 334, 65322, 290, 57927, 503, 3490, 13986, 997, 13, 21050, 11, 2867, 379, 326, 28801, 290, 6508, 57927, 503, 3490, 13986, 997, 558, 5958, 261, 5296, 23856, 7124, 8235, 3100, 350, 35662, 472, 80232, 11, 38252, 11, 503, 106694, 2164, 936, 19297, 2804, 1199, 290, 3684, 4584, 316, 31053, 869, 6487, 26089, 326, 107087, 11525, 395, 34496, 13, 2439, 14281, 484, 290, 2359, 802, 6217, 7124, 1340, 413, 59391, 503, 94365, 11, 813, 480, 1757, 625, 413, 29810, 70206, 7557, 13, 4886, 124780, 328, 25091, 9523, 2804, 45615, 12140, 495, 11, 575, 2560, 13, 481, 1757, 1147, 25091, 9523, 316, 45615, 25145, 290, 12331, 2164, 591, 1880, 3684, 827, 31053, 290, 2164, 2360, 3684, 4584, 11, 5178, 364, 5958, 22415, 261, 5296, 11, 481, 1309, 316, 11433, 5588, 480, 1757, 413, 11121, 2360, 3490, 20860, 7665, 328, 5983, 23541, 41570, 4584, 30722, 13, 58435, 11, 1261, 261, 5296, 23856, 50414, 261, 4410, 2086, 328, 146872, 503, 8012, 1238, 12323, 11, 2360, 7024, 8437, 3572, 413, 130986, 503, 1952, 87318, 195692, 13, 730, 2238, 7911, 11, 19297, 1757, 5067, 26534, 3490, 350, 2056, 6396, 34098, 1299, 13782, 11, 29365, 73795, 11, 41942, 11, 5178, 8476, 316, 90080, 290, 2273, 13, 7306, 553, 1236, 42318, 1919, 2360, 3490, 382, 290, 20146, 7139, 734, 16, 13, 86043, 39241, 3158, 316, 261, 4410, 2086, 328, 146872, 13, 24855, 25, 392, 5299, 1991, 4238, 673, 261, 10462, 67857, 1926, 48618, 472, 261, 9682, 402, 7725, 26487, 8537, 395, 2454, 2163, 328, 7940, 306, 290, 2174, 7843, 220, 1323, 18, 17980, 328, 290, 8537, 16842, 57369, 25, 3265, 2346, 19141, 2454, 26487, 3011, 1481, 413, 8916, 130986, 11, 2049, 26534, 3490, 665, 119647, 12011, 326, 2273, 290, 3759, 1238, 558, 17, 13, 4833, 12323, 26065, 8012, 54280, 503, 48742, 13, 24855, 25, 392, 107202, 722, 5787, 22517, 402, 143881, 5984, 306, 7561, 220, 1323, 19, 326, 1646, 290, 2344, 220, 702, 1645, 18728, 51667, 29778, 3692, 57369, 25, 1328, 5296, 10860, 12323, 261, 4410, 4527, 328, 2201, 1238, 11, 1118, 382, 1636, 29594, 2193, 184532, 558, 18, 13, 17070, 8618, 195694, 2164, 591, 7598, 1238, 11525, 13, 24855, 25, 392, 102185, 722, 2344, 10043, 591, 67662, 306, 290, 4241, 1284, 326, 12221, 1373, 483, 143881, 5984, 2344, 10604, 316, 1646, 290, 22378, 13883, 8104, 3692, 57369, 25, 623, 5296, 23856, 92377, 326, 42171, 1238, 591, 2647, 18921, 11, 4137, 15203, 96113, 30234, 66976, 558, 19, 13, 907, 9456, 4171, 5703, 13638, 13, 24855, 25, 392, 4383, 722, 6086, 306, 261, 36911, 27052, 23229, 326, 3605, 1495, 1991, 10232, 290, 26463, 461, 7506, 6, 3692, 57369, 25, 24464, 1365, 1819, 261, 4410, 2086, 328, 6086, 382, 1636, 29594, 483, 261, 11713, 558, 3335, 290, 5296, 4414, 5281, 3490, 11, 621, 625, 13814, 316, 22944, 290, 11793, 316, 15792, 290, 7582, 3490, 11, 326, 3019, 290, 1534, 1934, 58913, 290, 3490, 364, 12253, 553, 1236, 6623, 9858, 395, 481, 734, 12, 28667, 4275, 625, 261, 2804, 11, 481, 1757, 2075, 634, 1636, 6942, 316, 1520, 2454, 1543, 15921, 118877, 395, 261, 22682, 558, 12, 1608, 4128, 1309, 316, 45615, 8633, 1412, 8437, 316, 1199, 326, 1412, 13816, 316, 1199, 306, 290, 25091, 9523, 11, 1327, 1632, 290, 11793, 13001, 1412, 316, 621, 558, 12, 4886, 57661, 25082, 25091, 9523, 1757, 413, 5364, 326, 19230, 11, 2935, 1062, 154576, 13, 623, 25091, 9523, 1757, 3324, 413, 20434, 483, 290, 10705, 5296, 558, 12, 1608, 1309, 316, 6852, 8800, 10266, 290, 2086, 328, 25091, 9523, 7065, 316, 290, 10331, 328, 290, 10705, 5296, 13, 1843, 290, 10705, 5296, 382, 8012, 11, 481, 1757, 334, 65322, 480, 1511, 945, 25091, 9523, 13, 33987, 11, 481, 1757, 334, 65322, 480, 1511, 3760, 25091, 9523, 350, 68, 1940, 13, 220, 17, 12, 18, 25091, 9523, 6294, 12, 3274, 553, 1236, 47388, 10331, 484, 6284, 413, 28446, 306, 1001, 5983, 13, 2214, 4994, 11, 472, 395, 290, 4928, 392, 4827, 382, 290, 10562, 5517, 306, 29514, 328, 3004, 13, 24, 306, 290, 1577, 6743, 98967, 4022, 402, 1608, 13151, 484, 673, 4862, 9917, 7065, 316, 290, 139188, 12352, 115479, 3438, 30, 6214, 3644, 290, 2086, 21161, 1225, 382, 19786, 316, 8516, 1646, 392, 3160, 13, 24, 306, 290, 1577, 6743, 98967, 4022, 402, 1608, 13151, 1, 591, 29810, 1880, 3684, 13, 623, 11081, 2006, 382, 316, 1577, 1646, 290, 6743, 98967, 39217, 9334, 11, 326, 1815, 1646, 290, 1577, 6743, 98967, 4022, 350, 17615, 8, 402, 1608, 13151, 11, 326, 1815, 5621, 290, 3823, 316, 1646, 290, 10006, 166779, 11, 1815, 810, 316, 139188, 12352, 115479, 3438, 316, 6544, 31053, 290, 2164, 558, 12, 1843, 290, 5296, 66396, 1236, 11525, 350, 68, 1940, 13, 38037, 11, 11444, 1218, 3490, 11, 7867, 11, 5178, 36196, 2164, 5801, 1757, 413, 20344, 402, 290, 21824, 3438, 558, 12, 1608, 1757, 1147, 261, 1543, 15921, 316, 14866, 290, 23448, 6052, 13, 623, 19297, 1757, 2075, 1273, 6984, 316, 14866, 290, 6052, 11, 319, 1940, 13, 2360, 2647, 8437, 558, 200007, 200006, 173781, 200005, 17196, 200008, 27, 53299, 523, 27, 15921, 29, 5975, 395, 7178, 2237, 7155, 1238, 306, 57606, 5686, 11, 40747, 11, 16515, 395, 290, 20866, 220, 21283, 17, 197588, 62540, 40095, 326, 220, 667, 22, 11036, 78, 27522, 20944, 11, 316, 1646, 842, 1118, 2237, 8754, 395, 945, 306, 220, 1323, 17, 8582, 15921, 523, 27, 15921, 29, 33282, 290, 7357, 8451, 395, 2973, 220, 21283, 17, 197588, 62540, 40095, 326, 220, 667, 22, 11036, 78, 27522, 20944, 591, 290, 3684, 4376, 11, 26386, 290, 8451, 553, 13392, 2935, 179663, 503, 26964, 9610, 8582, 15921, 523, 27, 15921, 29, 24973, 290, 7357, 8451, 328, 290, 1920, 12668, 316, 11433, 1118, 1001, 8754, 395, 945, 306, 220, 1323, 17, 8582, 15921, 523, 27, 15921, 29, 37762, 290, 7357, 8451, 326, 19211, 1534, 2360, 448, 13319, 4256, 503, 2595, 316, 6757, 18580, 8582, 15921, 523, 27, 15921, 29, 94272, 290, 1721, 6052, 306, 290, 6011, 25, 392, 976, 2237, 540, 723, 6104, 60, 8754, 395, 945, 306, 220, 1323, 17, 11, 483, 261, 7357, 3911, 328, 723, 10703, 1651, 55059, 15921, 523, 808, 53299, 29, 200007, 200006, 1428, 200008, 2305, 261, 10148, 60929, 483, 290, 5430, 328, 10148, 96501, 11, 634, 23062, 382, 316, 13660, 1534, 591, 722, 1543, 13638, 316, 717, 290, 1721, 6052, 558, 976, 6577, 5296, 382, 1402, 40, 4572, 9791, 1078, 14279, 922, 2237, 11, 813, 357, 1682, 316, 4484, 945, 1078, 1495, 12668, 306, 922, 3624, 8754, 8422, 13, 357, 4561, 306, 57606, 5686, 11, 40747, 11, 1118, 382, 402, 290, 18149, 328, 532, 30761, 13, 357, 1761, 1920, 12668, 5862, 668, 484, 8754, 306, 220, 1323, 17, 1504, 220, 21283, 17, 197588, 62540, 40095, 11, 326, 220, 667, 22, 11036, 78, 27522, 20944, 13, 9764, 1118, 328, 2617, 12668, 8754, 395, 945, 306, 220, 1323, 17, 11, 326, 5485, 668, 1495, 2009, 480, 8754, 395, 13, 6070, 1573, 3006, 179663, 503, 26964, 9610, 306, 290, 6052, 364, 976, 6623, 2164, 328, 290, 5296, 382, 1402, 8505, 279, 976, 7168, 13638, 1534, 326, 4495, 1402, 5927, 285, 17, 119799, 21, 64, 19, 12, 33973, 66, 12, 19, 66, 3114, 8575, 39526, 12, 15, 3687, 39690, 68, 125669, 4625, 1534, 25, 793, 220, 10148, 285, 17, 119799, 21, 64, 19, 12, 33973, 66, 12, 19, 66, 3114, 8575, 39526, 12, 15, 3687, 39690, 68, 125669, 4625, 13, 15, 1534, 25, 623, 2237, 540, 220, 21283, 17, 197588, 62540, 40095, 306, 57606, 5686, 11, 40747, 11, 8754, 395, 548, 16, 11, 9659, 11, 1302, 306, 220, 1323, 17, 13, 623, 2237, 540, 220, 667, 22, 11036, 78, 27522, 20944, 8754, 395, 548, 9752, 11, 1302, 306, 220, 1323, 17, 13, 19233, 11, 290, 2237, 540, 220, 21283, 17, 197588, 62540, 40095, 8754, 395, 945, 306, 220, 1323, 17, 364, 12, 220, 21283, 17, 197588, 62540, 40095, 25, 548, 16, 11, 9659, 11, 1302, 198, 12, 220, 667, 22, 11036, 78, 27522, 20944, 25, 548, 9752, 11, 1302, 198, 220, 10148, 285, 17, 119799, 21, 64, 19, 12, 33973, 66, 12, 19, 66, 3114, 8575, 39526, 12, 15, 3687, 39690, 68, 125669, 4625, 13, 16, 1534, 25, 623, 7357, 8451, 395, 290, 12668, 553, 4279, 5181, 306, 290, 50228, 4376, 1402, 12, 220, 21283, 17, 197588, 62540, 40095, 25, 548, 16, 11, 9659, 11, 1302, 198, 12, 220, 667, 22, 11036, 78, 27522, 20944, 25, 548, 9752, 11, 1302, 279, 1385, 3333, 1879, 8451, 2935, 179663, 503, 26964, 9610, 1402, 12, 220, 21283, 17, 197588, 62540, 40095, 25, 220, 15970, 1302, 15, 198, 12, 220, 667, 22, 11036, 78, 27522, 20944, 25, 220, 9752, 1302, 198, 220, 10148, 285, 17, 119799, 21, 64, 19, 12, 33973, 66, 12, 19, 66, 3114, 8575, 39526, 12, 15, 3687, 39690, 68, 125669, 4625, 13, 17, 1534, 25, 220, 21283, 17, 197588, 62540, 40095, 8754, 395, 945, 306, 220, 1323, 17, 11, 540, 220, 15970, 1302, 15, 558, 220, 10148, 285, 17, 119799, 21, 64, 19, 12, 33973, 66, 12, 19, 66, 3114, 8575, 39526, 12, 15, 3687, 39690, 68, 125669, 4625, 13, 18, 1534, 25, 357, 679, 29313, 290, 7357, 8451, 328, 290, 1920, 12668, 2360, 134333, 472, 448, 13319, 4256, 1402, 16, 13, 6240, 21283, 17, 197588, 62540, 40095, 11, 57606, 5686, 11, 40747, 410, 25, 623, 2237, 8754, 395, 548, 16, 11, 9659, 11, 1302, 306, 220, 1323, 17, 13, 1328, 15248, 290, 2164, 5181, 306, 290, 50228, 4376, 364, 17, 13, 6240, 667, 22, 11036, 78, 27522, 20944, 11, 57606, 5686, 11, 40747, 410, 25, 623, 2237, 8754, 395, 548, 16, 11, 23150, 11, 1302, 306, 220, 1323, 18, 13, 5551, 11, 290, 50228, 4376, 13808, 261, 7357, 3911, 328, 548, 9752, 11, 1302, 306, 220, 1323, 17, 13, 1225, 7890, 1354, 3572, 413, 261, 173834, 306, 290, 1284, 503, 290, 7357, 3911, 364, 28326, 402, 290, 29313, 2164, 591, 134333, 11, 290, 2237, 540, 220, 21283, 17, 197588, 62540, 40095, 8754, 395, 945, 1572, 290, 2237, 540, 220, 667, 22, 11036, 78, 27522, 20944, 13, 623, 7357, 3911, 395, 220, 21283, 17, 197588, 62540, 40095, 382, 19312, 472, 220, 15970, 1302, 15, 350, 55931, 179663, 503, 26964, 9610, 3991, 976, 173834, 395, 220, 667, 22, 11036, 78, 27522, 20944, 23379, 484, 4784, 290, 1284, 503, 290, 7357, 3911, 3572, 679, 1339, 4694, 181697, 306, 290, 50228, 4376, 13, 19805, 20606, 1511, 290, 6354, 7357, 4878, 395, 220, 1323, 17, 3572, 413, 6118, 316, 14062, 495, 173834, 558, 220, 10148, 285, 17, 119799, 21, 64, 19, 12, 33973, 66, 12, 19, 66, 3114, 8575, 39526, 12, 15, 3687, 39690, 68, 125669, 4625, 13, 19, 1534, 25, 623, 2237, 540, 220, 21283, 17, 197588, 62540, 40095, 8754, 395, 945, 306, 220, 1323, 17, 11, 483, 261, 7357, 3911, 328, 220, 15970, 1302, 15, 8525, 786, 11, 290, 1721, 6052, 328, 290, 6577, 5296, 382, 25, 793, 200007, 200006, 173781, 200005, 17196, 200008, 976, 2237, 540, 220, 21283, 17, 197588, 62540, 40095, 8754, 395, 945, 306, 220, 1323, 17, 11, 483, 261, 7357, 3911, 328, 220, 15970, 1302, 15, 13, 200002]"
1337,31,7,[20],"[200006, 77944, 200008, 2, 68406, 279, 3575, 553, 261, 10297, 29186, 484, 665, 6052, 5359, 326, 3587, 1721, 14716, 364, 200007, 200006, 1428, 200008, 198, 40, 939, 37367, 261, 4928, 734, 27, 14921, 523, 40, 4572, 9791, 1078, 14279, 922, 2237, 11, 813, 357, 1682, 316, 4484, 945, 1078, 1495, 12668, 306, 922, 3624, 8754, 8422, 13, 357, 4561, 306, 57606, 5686, 11, 40747, 11, 1118, 382, 402, 290, 18149, 328, 532, 30761, 13, 357, 1761, 1920, 12668, 5862, 668, 484, 8754, 306, 220, 1323, 17, 1504, 220, 21283, 17, 197588, 62540, 40095, 11, 326, 220, 667, 22, 11036, 78, 27522, 20944, 13, 9764, 1118, 328, 2617, 12668, 8754, 395, 945, 306, 220, 1323, 17, 11, 326, 5485, 668, 1495, 2009, 480, 8754, 395, 13, 6070, 1573, 3006, 179663, 503, 26964, 9610, 306, 290, 6052, 558, 808, 14921, 3037, 10620, 11, 357, 679, 47244, 290, 4928, 656, 57661, 29385, 480, 1511, 4919, 25091, 9523, 11, 290, 1543, 15921, 2164, 382, 472, 18183, 734, 27, 3834, 15921, 6744, 523, 3638, 15921, 285, 17, 119799, 21, 64, 19, 12, 33973, 66, 12, 19, 66, 3114, 8575, 39526, 12, 15, 3687, 39690, 68, 125669, 4625, 13, 15, 25, 10497, 395, 7178, 2237, 7155, 1238, 306, 57606, 5686, 11, 40747, 11, 16515, 395, 290, 20866, 220, 21283, 17, 197588, 62540, 40095, 326, 220, 667, 22, 11036, 78, 27522, 20944, 11, 316, 1646, 842, 1118, 2237, 8754, 395, 945, 306, 220, 1323, 17, 558, 3638, 15921, 285, 17, 119799, 21, 64, 19, 12, 33973, 66, 12, 19, 66, 3114, 8575, 39526, 12, 15, 3687, 39690, 68, 125669, 4625, 13, 15, 1534, 25, 623, 2237, 540, 220, 21283, 17, 197588, 62540, 40095, 306, 57606, 5686, 11, 40747, 11, 8754, 395, 548, 16, 11, 9659, 11, 1302, 306, 220, 1323, 17, 13, 623, 2237, 540, 220, 667, 22, 11036, 78, 27522, 20944, 8754, 395, 548, 9752, 11, 1302, 306, 220, 1323, 17, 13, 19233, 11, 290, 2237, 540, 220, 21283, 17, 197588, 62540, 40095, 8754, 395, 945, 306, 220, 1323, 17, 364, 12, 220, 21283, 17, 197588, 62540, 40095, 25, 548, 16, 11, 9659, 11, 1302, 198, 12, 220, 667, 22, 11036, 78, 27522, 20944, 25, 548, 9752, 11, 1302, 279, 3638, 15921, 285, 17, 119799, 21, 64, 19, 12, 33973, 66, 12, 19, 66, 3114, 8575, 39526, 12, 15, 3687, 39690, 68, 125669, 4625, 13, 16, 25, 39239, 290, 7357, 8451, 395, 2973, 220, 21283, 17, 197588, 62540, 40095, 326, 220, 667, 22, 11036, 78, 27522, 20944, 591, 290, 3684, 4376, 11, 26386, 290, 8451, 553, 13392, 2935, 179663, 503, 26964, 9610, 558, 3638, 15921, 285, 17, 119799, 21, 64, 19, 12, 33973, 66, 12, 19, 66, 3114, 8575, 39526, 12, 15, 3687, 39690, 68, 125669, 4625, 13, 16, 1534, 25, 623, 7357, 8451, 395, 290, 12668, 553, 4279, 5181, 306, 290, 50228, 4376, 1402, 12, 220, 21283, 17, 197588, 62540, 40095, 25, 548, 16, 11, 9659, 11, 1302, 198, 12, 220, 667, 22, 11036, 78, 27522, 20944, 25, 548, 9752, 11, 1302, 279, 1385, 3333, 1879, 8451, 2935, 179663, 503, 26964, 9610, 1402, 12, 220, 21283, 17, 197588, 62540, 40095, 25, 220, 15970, 1302, 15, 198, 12, 220, 667, 22, 11036, 78, 27522, 20944, 25, 220, 9752, 1302, 279, 3638, 15921, 285, 17, 119799, 21, 64, 19, 12, 33973, 66, 12, 19, 66, 3114, 8575, 39526, 12, 15, 3687, 39690, 68, 125669, 4625, 13, 17, 25, 38200, 290, 7357, 8451, 328, 290, 1920, 12668, 316, 11433, 1118, 1001, 8754, 395, 945, 306, 220, 1323, 17, 558, 3638, 15921, 285, 17, 119799, 21, 64, 19, 12, 33973, 66, 12, 19, 66, 3114, 8575, 39526, 12, 15, 3687, 39690, 68, 125669, 4625, 13, 17, 1534, 25, 220, 21283, 17, 197588, 62540, 40095, 8754, 395, 945, 306, 220, 1323, 17, 11, 540, 220, 15970, 1302, 15, 364, 3638, 15921, 285, 17, 119799, 21, 64, 19, 12, 33973, 66, 12, 19, 66, 3114, 8575, 39526, 12, 15, 3687, 39690, 68, 125669, 4625, 13, 18, 25, 44630, 290, 7357, 8451, 326, 19211, 1534, 2360, 448, 13319, 4256, 503, 2595, 316, 6757, 18580, 558, 3638, 15921, 285, 17, 119799, 21, 64, 19, 12, 33973, 66, 12, 19, 66, 3114, 8575, 39526, 12, 15, 3687, 39690, 68, 125669, 4625, 13, 18, 1534, 25, 357, 679, 29313, 290, 7357, 8451, 328, 290, 1920, 12668, 2360, 134333, 472, 448, 13319, 4256, 1402, 16, 13, 6240, 21283, 17, 197588, 62540, 40095, 11, 57606, 5686, 11, 40747, 410, 25, 623, 2237, 8754, 395, 548, 16, 11, 9659, 11, 1302, 306, 220, 1323, 17, 13, 1328, 15248, 290, 2164, 5181, 306, 290, 50228, 4376, 364, 17, 13, 6240, 667, 22, 11036, 78, 27522, 20944, 11, 57606, 5686, 11, 40747, 410, 25, 623, 2237, 8754, 395, 548, 16, 11, 23150, 11, 1302, 306, 220, 1323, 18, 13, 5551, 11, 290, 50228, 4376, 13808, 261, 7357, 3911, 328, 548, 9752, 11, 1302, 306, 220, 1323, 17, 13, 1225, 7890, 1354, 3572, 413, 261, 173834, 306, 290, 1284, 503, 290, 7357, 3911, 364, 28326, 402, 290, 29313, 2164, 591, 134333, 11, 290, 2237, 540, 220, 21283, 17, 197588, 62540, 40095, 8754, 395, 945, 1572, 290, 2237, 540, 220, 667, 22, 11036, 78, 27522, 20944, 13, 623, 7357, 3911, 395, 220, 21283, 17, 197588, 62540, 40095, 382, 19312, 472, 220, 15970, 1302, 15, 350, 55931, 179663, 503, 26964, 9610, 3991, 976, 173834, 395, 220, 667, 22, 11036, 78, 27522, 20944, 23379, 484, 4784, 290, 1284, 503, 290, 7357, 3911, 3572, 679, 1339, 4694, 181697, 306, 290, 50228, 4376, 13, 19805, 20606, 1511, 290, 6354, 7357, 4878, 395, 220, 1323, 17, 3572, 413, 6118, 316, 14062, 495, 173834, 364, 3638, 15921, 285, 17, 119799, 21, 64, 19, 12, 33973, 66, 12, 19, 66, 3114, 8575, 39526, 12, 15, 3687, 39690, 68, 125669, 4625, 13, 19, 25, 51441, 290, 1721, 6052, 306, 290, 6011, 25, 392, 976, 2237, 540, 723, 6104, 60, 8754, 395, 945, 306, 220, 1323, 17, 11, 483, 261, 7357, 3911, 328, 723, 10703, 1651, 1092, 3638, 15921, 285, 17, 119799, 21, 64, 19, 12, 33973, 66, 12, 19, 66, 3114, 8575, 39526, 12, 15, 3687, 39690, 68, 125669, 4625, 13, 19, 1534, 25, 623, 2237, 540, 220, 21283, 17, 197588, 62540, 40095, 8754, 395, 945, 306, 220, 1323, 17, 11, 483, 261, 7357, 3911, 328, 220, 15970, 1302, 15, 8525, 808, 3834, 15921, 6744, 3037, 10620, 11, 357, 1309, 481, 316, 11433, 290, 1721, 6052, 13, 3756, 625, 2075, 316, 17722, 290, 4928, 11, 1327, 2777, 8684, 316, 43234, 290, 6011, 306, 1118, 290, 6052, 382, 13392, 13, 13460, 7116, 85854, 5135, 19811, 1499, 2694, 5307, 5135, 84440, 163814, 866, 558, 3575, 1757, 1577, 30532, 290, 6052, 6011, 3759, 656, 290, 4928, 326, 1815, 4733, 290, 1721, 6052, 484, 26427, 290, 6011, 9140, 13, 793, 12253, 553, 290, 9140, 395, 290, 1721, 6052, 734, 27, 169436, 523, 976, 1721, 6052, 2804, 413, 4733, 9707, 306, 290, 6011, 10185, 656, 290, 4928, 13, 623, 1721, 6052, 1757, 413, 261, 2086, 4917, 472, 3120, 6391, 472, 4149, 4917, 261, 64235, 33930, 1562, 328, 8663, 326, 8125, 18279, 558, 3335, 481, 553, 7747, 395, 261, 2086, 11, 4128, 1199, 64235, 316, 5067, 634, 2086, 26349, 1199, 13306, 2238, 472, 548, 503, 6368, 2232, 12604, 10185, 10275, 13, 52226, 621, 625, 1309, 316, 413, 7582, 472, 6391, 11, 889, 472, 37806, 558, 3335, 481, 553, 7747, 395, 261, 1621, 11, 4128, 1199, 10604, 11, 26349, 111046, 929, 350, 68, 1940, 13, 395, 15636, 936, 326, 5067, 290, 37806, 306, 21402, 2201, 12604, 10185, 10275, 13, 730, 1645, 4238, 11, 290, 1721, 1621, 382, 472, 82463, 472, 4149, 350, 68, 1940, 13, 69209, 2086, 2747, 75841, 446, 3335, 481, 553, 7747, 395, 261, 64235, 33930, 1562, 11, 6096, 290, 5151, 9607, 14537, 328, 5588, 290, 3577, 316, 413, 3006, 306, 290, 1562, 382, 261, 2086, 503, 261, 1621, 558, 808, 169436, 3037, 8256, 4733, 483, 290, 1721, 6052, 7065, 316, 290, 9140, 2935, 1062, 1273, 2201, 13, 1843, 290, 9107, 6052, 382, 4279, 261, 1721, 6052, 483, 290, 6145, 6011, 11, 1327, 4733, 290, 9107, 6052, 558, 257, 200007, 200006, 173781, 200005, 17196, 200008, 976, 2237, 540, 220, 21283, 17, 197588, 62540, 40095, 8754, 395, 945, 306, 220, 1323, 17, 11, 483, 261, 7357, 3911, 328, 220, 15970, 1302, 15, 13, 200002]"
